610
408
721
280
1
120
559
301
931
930
433
17
524
29
29
197
462
187
201
851
560
904
838
343
427
170
405
665
64
60
119
351
112
82
718
163
452
391
830
256
277
126
841
224
554
782
103
485
350
206
66
882
565
107
533
361
245
566
394
98
587
369
108
698
648
820
534
822
98
910
142
844
34
573
16
48
216
437
66
353
180
806
722
969
567
924
139
555
123
351
234
661
550
230
981
140
169
250
720
641
971
116
131
826
915
778
165
668
591
840
814
366
2
509
634
883
265
115
183
555
650
358
253
95
38
446
794
927
686
805
806
706
3
452
334
347
971
129
765
149
397
769
211
255
478
419
252
788
878
526
882
783
95
646
923
594
203
912
755
839
714
810
618
666
644
516
207
112
347
818
607
475
526
875
761
542
344
768
919
294
406
436
591
268
805
379
984
147
244
133
31
954
675
926
544
475
603
410
889
149
862
860
379
105
576
189
507
93
628
355
701
333
438
205
514
176
138
584
596
882
231
831
553
168
302
526
9
721
598
329
872
847
944
659
450
877
986
537
332
938
137
85
937
574
360
418
134
384
8
899
899
117
738
656
177
896
313
799
160
638
739
410
121
993
812
447
515
776
584
106
165
206
35
878
592
167
22
124
899
681
773
125
129
681
852
6
122
474
770
88
791
748
764
84
380
996
470
987
623
966
549
578
236
994
643
255
110
279
47
748
667
49
348
384
440
849
959
729
889
964
5
432
768
561
246
940
233
900
995
178
188
527
350
300
95
839
217
168
493
150
82
778
183
691
123
580
534
302
396
245
73
305
534
386
166
70
693
122
584
921
574
643
145
527
857
586
708
959
325
760
638
529
98
720
105
672
228
964
786
524
338
606
617
495
250
726
219
671
765
604
333
895
86
548
226
116
533
213
890
687
240
430
136
907
375
860
184
426
902
277
274
291
632
553
719
894
650
388
685
934
250
742
962
737
636
665
270
360
979
60
98
900
181
513
919
390
423
189
497
947
604
79
177
969
756
772
828
172
922
11
60
471
88
170
135
851
253
244
667
254
465
840
33
981
721
522
125
451
47
309
605
604
261
847
678
528
797
249
704
870
801
857
385
982
985
769
678
851
669
968
88
250
240
916
478
292
800
202
811
681
929
408
20
980
368
922
626
598
152
901
28
749
202
568
383
109
263
78
228
801
829
784
256
31
139
972
187
877
337
910
762
385
146
903
731
500
469
57
250
878
813
239
933
588
250
303
189
578
471
134
342
741
735
493
887
581
452
515
954
64
405
781
113
667
708
455
93
264
20
242
468
828
259
330
998
86
873
563
211
144
362
612
669
250
685
919
558
109
530
765
660
460
948
437
907
596
411
969
526
608
758
37
722
296
308
687
122
2
923
177
485
184
925
912
75
66
170
257
784
193
791
744
640
745
696
209
468
894
107
667
530
310
410
681
924
618
739
951
936
33
834
971
779
400
535
650
570
763
81
992
701
19
61
859
354
670
147
268
285
221
234
714
349
843
185
53
637
123
99
809
86
225
336
383
645
188
510
916
789
231
435
918
749
947
75
811
389
251
24
846
576
346
13
440
480
451
761
834
332
550
567
489
78
201
455
394
56
34
16
104
361
620
82
286
423
823
486
949
712
541
847
685
398
637
276
910
592
160
671
385
344
653
492
36
618
522
494
839
520
393
77
725
333
829
305
219
290
823
764
926
788
930
133
273
139
327
200
558
159
177
434
78
706
830
800
364
6
615
502
412
693
998
239
190
404
853
474
800
75
772
673
664
560
807
327
883
526
25
341
332
684
273
59
25
371
156
32
768
90
894
305
137
689
578
504
24
763
23
458
553
856
520
686
777
651
214
168
774
306
56
510
279
69
551
848
80
663
40
602
436
236
296
941
756
170
581
648
605
641
594
559
309
342
432
777
356
803
737
889
103
62
941
565
102
812
533
985
648
569
862
471
313
402
673
294
233
0
752
592
771
810
346
889
849
825
589
684
982
553
270
921
527
777
997
143
693
864
227
575
194
425
667
301
949
806
604
717
24
352
813
746
538
502
526
923
178
29
63
881
27
729
284
313
124
489
546
910
215
464
390
914
919
453
942
751
731
301
407
622
410
870
782
10
854
96
681
703
840
360
834
682
328
271
898
469
643
892
208
780
4
594
7
533
937
956
510
19
425
774
327
363
355
976
107
941
713
50
633
240
467
965
763
365
783
115
218
245
836
356
213
541
264
464
591
481
515
443
983
949
115
821
375
183
788
320
166
514
189
681
525
