243
831
7127
3793
1367
6196
8147
9249
9456
9091
1700
8077
9767
6426
566
4879
8957
7512
3789
5728
813
1882
1741
9970
5821
2171
5972
1361
8016
3738
9058
3656
9817
2687
1277
451
7397
4242
747
458
5947
1194
5420
3981
9507
8589
7937
2248
5875
2744
3697
1210
6840
1378
777
3991
1346
9120
2357
3988
8348
6077
2409
4752
3963
5369
7598
5326
8837
5544
1154
5890
4460
4732
5640
8795
2364
7220
4878
4414
1584
8583
304
8441
4740
6430
7406
5255
2386
4072
3505
5826
2994
5812
3736
9056
7735
9727
515
3978
3747
6503
4637
797
7834
9101
3835
8083
9904
2790
9840
7435
814
9605
2249
9217
3199
8852
6999
6397
7628
6250
7177
2721
1112
14
792
1707
5053
7494
5915
7646
6648
4773
6727
2936
6720
3371
2066
169
3093
6414
8233
9883
7510
841
6791
6424
2895
3637
4913
8543
2610
6289
5212
5624
6860
9151
329
7334
9959
7419
4549
1381
8903
4252
1317
7401
4223
3801
153
4568
145
4558
6821
5708
8180
5670
2083
3569
8916
6335
4010
2493
7082
6187
3831
9260
458
413
3030
3470
9295
3838
5871
4837
9906
2233
3393
4512
4465
2610
3056
4677
6741
9272
3161
4258
7829
6481
5676
1777
5160
9442
2929
6987
3406
8439
7318
6751
4260
2907
8554
9275
1586
1088
3616
5770
6815
8090
2842
3933
5060
7313
4537
4235
6203
6421
1969
6219
4720
618
9397
978
2515
2509
9142
9025
5214
3032
2813
3349
6571
8427
8358
5704
8675
7159
8710
6334
4498
6462
4750
7831
7451
2251
9155
1607
8787
6583
79
8872
8330
6932
3602
3315
1185
9865
6785
7538
576
6935
5676
1963
5761
2140
1731
6775
9550
1493
7618
6501
8042
8496
9332
4873
1761
5355
8828
5065
864
862
9948
9722
9153
8069
8853
1211
5734
11
4452
7068
9649
1008
8538
1766
8451
3716
2002
7335
3826
5415
6927
2823
6907
6626
2845
6308
3564
4541
340
5070
2063
9046
1582
1167
5113
93
7250
2921
245
43
4532
1307
7450
6544
7455
5787
7908
8480
9954
2489
4017
4431
9001
7762
8267
287
8451
4563
7610
942
4573
5894
2360
3749
3969
6724
2653
7208
1810
1398
9033
3150
798
9124
9598
1654
7286
1239
6413
8178
3142
5929
8315
3617
713
6750
8738
6581
3774
2348
1797
1442
8261
693
4563
1191
3048
1127
8729
2959
1564
7496
2755
7511
224
5948
5336
8120
2061
9650
2260
4776
7195
500
865
1622
2212
6313
9792
1138
2459
3597
1710
8784
1085
5492
8417
8142
137
1872
9564
229
4903
1149
9731
460
938
5613
1658
1071
8821
7140
8280
345
6188
726
906
4077
3885
9451
3560
5174
3082
6028
6139
1237
1611
8662
524
9145
8052
9234
7787
742
9793
5593
9948
2545
95
5464
3962
7649
9473
547
3116
3614
4249
1527
4001
2464
3547
2304
3286
5861
5474
5031
9060
4985
1563
8684
8805
8001
6583
4603
7867
4171
9909
594
5006
5200
8757
7399
7794
8305
3010
4285
430
254
913
462
2679
1576
6847
333
8519
6397
5620
8495
9945
920
1053
1918
8887
9842
526
9269
3531
8831
2492
1885
1250
2137
2785
3586
6030
5075
6225
5736
1597
154
1796
134
6370
3360
423
8139
9495
8040
2955
8809
9138
5941
944
3070
6622
6608
2893
2879
5806
5593
3503
8938
1466
4325
7419
4821
2604
4417
5478
9449
3230
4555
201
5299
3877
6653
6706
5511
8191
8506
7809
8212
7662
3237
8835
6430
2229
2158
8579
1738
5627
5805
4981
750
2708
4766
18
1919
5713
296
6233
60
1675
8676
1695
5076
1996
2291
3769
4070
6098
5033
1058
361
3692
8202
2876
6146
1522
6052
333
7534
1025
119
9594
82
875
3605
158
5397
857
7500
5128
1390
2615
2012
2135
4183
9549
3848
445
4026
4549
8787
2731
7914
4333
9902
6725
1527
4386
661
7068
7108
788
1877
2334
4020
4132
7220
7124
8666
9060
2815
3263
6629
1993
1291
8255
7366
8863
3649
7570
4169
9890
1761
7506
5025
8297
510
9656
2507
9409
9370
6375
6842
994
9375
4060
5828
1135
8157
732
5715
2334
7909
6118
6042
4896
2986
1382
8673
4464
387
4953
4351
7635
2553
7878
8914
1841
2053
8148
8352
9746
1857
7680
7333
7438
1691
4200
5671
7474
9615
3810
6334
8285
7267
2539
7654
5531
5305
9315
4844
2633
9673
3177
8950
1802
6395
2539
6084
7716
3167
3565
9616
4642
7262
270
9679
9849
3772
5291
1480
7218
1554
5903
6707
1108
3045
748
3431
5591
6879
8126
6750
4093
6080
4131
8028
2361
4125
5070
6967
563
5287
4086
7665
1799
4619
8814
6105
8540
2760
7534
7605
9635
1549
759
1125
233
2391
524
8844
6766
7424
1582
9123
7528
5597
6476
9973
665
774
9795
7677
8265
250
5431
6777
7401
7399
5595
476
1262
8035
3714
9407
6016
6315
6376
2414
4264
9045
4214
2967
4396
1621
2912
7807
2147
1049
8162
4333
575
1947
2310
9262
3922
354
3396
5271
998
7143
1378
4549
5282
1217
9013
5501
1901
4640
1790
3171
248
5296
7351
5654
4830
343
5078
8805
7302
9885
238
3026
6767
8037
2621
8069
1215
8936
8658
2524
8787
5698
4079
8342
3542
2001
2084
6097
4236
9625
8988
4076
6881
1475
2200
6231
4896
7896
9129
9196
8262
3919
7933
843
9653
7926
557
1840
820
3287
2880
8792
4061
1146
3782
7764
6759
5878
7132
1905
5615
9037
4747
6907
8673
3366
3386
9453
5196
9054
8297
8825
7413
323
3903
3851
3922
5030
9518
4703
5422
606
6558
3048
4102
6963
6235
2881
5812
3620
9799
8393
5601
166
6892
3934
5239
6133
8143
2937
9972
3381
5608
2899
4846
6362
3498
446
7220
8761
2914
7994
4240
590
4783
8304
8789
972
4046
2439
801
8630
7820
3296
1205
1530
6655
3285
8441
3024
1384
1088
1417
937
1362
9306
1290
3793
6647
3173
7146
6262
4905
9932
1789
6222
2796
5490
8916
8165
1480
2541
4454
5835
3462
4716
4946
936
8018
2810
7104
9051
7524
9675
553
8177
8097
5323
7672
1008
9457
468
9103
4852
1087
5614
9947
3014
9660
2893
2392
1498
3822
3568
9539
1116
5107
9764
8977
4570
8397
4023
4390
9359
1071
7545
7264
9092
6362
7172
4533
7633
6267
4335
1865
8705
8929
6708
6687
2693
4863
7354
6411
8990
2068
1455
7160
8138
9379
4802
7639
4862
5388
1626
6999
7230
5194
2730
6468
4580
4665
9902
8291
8554
1129
2887
7098
2581
898
9651
5267
4500
3189
1834
4269
5425
8115
1761
1500
4743
496
8525
3512
585
4266
5896
6862
4207
7897
2212
8748
6387
844
9218
2873
8345
948
6835
7281
5445
7001
4750
4515
9286
3846
3452
6731
5040
9697
4883
2725
6264
8019
2234
3189
2126
8371
5702
2822
8265
4594
3838
8339
7265
2599
6055
8978
8708
9165
9459
6912
3612
8670
4675
3855
7503
3648
6945
6049
7258
773
3410
4828
5803
1835
9199
4675
3086
2544
3555
1647
8664
3631
1164
3198
9026
7171
6421
8674
6492
1664
7374
1421
1147
6528
8300
9785
9136
5207
1553
9954
7460
5802
9358
5905
1514
1775
6076
2151
3310
8491
4687
2774
8468
8235
8254
6402
2236
5958
1129
3878
2157
2436
5719
6490
6556
3784
5503
3585
3982
4943
3459
5527
6385
1225
4364
3201
1105
4861
2781
8200
5916
4370
5988
288
8734
4630
3362
4915
8244
7142
5223
341
404
9205
7366
9828
5821
7608
569
4465
1051
2928
379
9752
780
1427
1402
4502
534
3962
6647
3513
2832
7283
3252
5201
2779
8328
1397
8890
5871
7976
9318
4629
7700
3918
4142
502
1086
1247
2974
3572
9213
3753
9901
2474
8388
1865
4573
5789
7833
2244
1242
5711
2863
1291
7005
7203
684
6637
7204
1010
2160
5000
7449
2694
917
1563
4041
6964
512
6542
1010
3799
7484
644
5110
1558
796
2330
8407
9604
3579
4981
4768
5088
2650
6489
644
1057
1164
6988
3965
3057
5009
2521
8780
7956
2568
6210
2249
8389
6093
4424
3358
6197
8299
3306
1068
9865
3636
3692
4480
500
1334
9385
6440
2648
6348
9769
701
7714
9490
2037
8519
7745
2617
6409
8137
5597
8959
6055
2848
5380
7232
2341
6969
3841
9424
9223
2170
3441
5520
2296
7209
4070
6881
8681
370
6658
522
9893
4122
7236
6697
8454
7589
733
7021
5682
9074
5799
8577
2695
9531
7637
3256
4554
2153
4832
3976
5578
8499
9643
4481
9790
6034
7631
7318
3262
8071
7280
6312
5329
2186
4586
723
1978
1397
9510
723
3463
5953
3148
5235
2679
1184
1011
5120
2546
4123
8927
4511
7119
3003
4505
16
4626
9578
2856
4528
8950
5284
9915
7402
2833
5361
9601
1951
2748
9157
7015
5371
3864
7711
5999
7619
2911
3822
9240
9198
294
6785
3493
2064
3929
9376
4488
9042
6226
1036
6271
5142
917
4582
2093
9647
2495
1581
3171
3530
2743
5067
3459
742
8242
1142
1754
3115
7215
3146
4992
1167
3808
2223
1189
6361
1077
2635
831
7430
9762
2770
8694
5109
8853
524
2827
3373
1945
3572
481
9108
4877
6942
3204
1681
4066
3774
4703
2683
5955
3932
8562
5062
3931
6424
5704
8232
9410
340
3548
504
6601
9901
1283
1946
9694
6938
4880
1658
8476
4029
3290
1593
1584
7028
5288
6502
3475
5689
8145
5976
6021
6629
5409
5612
9510
2254
5605
8039
1229
2207
9433
6837
8053
7043
3257
4049
8070
528
6476
604
9218
979
4790
4171
3226
8018
9929
7091
1003
1293
3433
7460
1704
3189
5288
5129
2275
9601
1856
9201
3698
5666
8907
2203
9425
7651
1229
8224
6380
6491
2396
7113
1328
5135
1847
6222
4845
472
7408
6646
834
4023
5964
7321
206
6713
4082
4286
5162
9220
6313
487
4706
2941
3816
8525
2922
7755
2590
7755
2126
5594
1544
7962
3097
7892
988
1265
4326
1869
1332
5195
1763
985
9289
3635
370
6379
7921
3425
9083
1810
1256
4759
3712
9524
2981
9747
6661
3979
841
7365
4624
1887
2896
4197
8724
1498
6851
6602
4192
821
2371
179
6745
1602
5686
5965
7772
3664
5236
9506
8582
4820
2092
7980
8177
9251
9873
2387
2904
3142
4380
895
8647
9507
179
6966
9672
9813
1796
9637
9711
4041
5903
1610
3458
4765
6162
535
4918
783
7901
6829
8520
2697
3602
7420
9280
5165
4249
8366
6726
1828
143
5432
9876
6608
6972
5808
6660
269
5190
8627
8907
5613
9733
1938
9849
1383
1745
4708
8761
6159
6501
2777
491
8628
2272
1906
7553
7820
2875
9322
9144
2318
4989
3529
3901
3614
3350
4895
9044
1878
9952
3678
2570
6437
3788
2551
5214
2669
4544
9791
5610
9518
3652
4453
6592
952
4620
9099
7327
9509
784
6132
596
5867
4716
1769
9117
633
2403
888
8197
1002
2417
4602
9450
1688
9861
9821
8828
9277
2836
68
7068
4500
7993
5469
8953
4995
1257
4685
7092
3019
1837
4238
6914
1642
5140
8733
2074
7947
405
5772
3560
8539
151
6569
7957
8504
9222
4240
816
9589
5686
9903
4181
8784
7843
8440
5889
1220
8714
5738
4936
9576
5078
1931
5378
8068
4566
9819
2786
4040
2062
6730
2633
3344
5365
151
1311
8911
7694
4463
946
356
5042
564
2256
299
2191
1014
7980
6910
1144
110
8633
2617
3427
7359
2849
1451
1324
7472
4990
3976
741
7387
5152
4510
1744
1890
1127
8020
372
4935
3517
7038
8597
7021
1500
8890
5517
5871
5955
3652
3501
6318
8017
4253
7364
2059
1055
9490
9189
1339
5457
133
6530
7505
7785
576
2342
6211
762
5780
9768
6425
141
9639
8478
4937
3313
7632
3800
2179
5207
8853
613
7749
9147
7346
1049
265
6085
4520
6995
9493
3089
2537
5883
4084
1784
422
3457
9417
8673
8822
1376
1748
5106
7010
4779
3903
9051
2902
8650
8142
2904
2813
8707
5556
2763
2861
6864
1713
7718
1782
6975
6745
9127
6022
3628
7371
5166
5849
4998
3620
7096
2254
6212
8962
238
5910
4995
5171
3689
1510
4423
3708
6052
2345
4129
1587
8829
975
9637
5555
9322
3002
3155
5525
8560
8920
8154
107
2652
4006
5690
6316
7984
8139
7213
5344
3122
4398
1982
361
5244
6685
184
4484
7794
8891
4840
447
5513
5902
6073
5236
8261
4763
1844
1828
9124
9680
3489
5332
9244
2215
200
5095
1812
6720
9891
1945
319
1040
7235
7083
6455
6997
6775
7684
1655
5255
3466
174
9793
753
3928
1432
2774
8278
6109
6411
1664
6836
1565
5427
7655
8573
5005
5415
3928
7576
9942
3905
4558
8701
8687
6042
5042
4605
3440
21
5232
5818
9235
8354
9744
5305
5027
7335
3456
9086
3411
7981
3131
9237
1424
9917
2284
2256
692
645
4428
7609
104
7370
4815
3263
7507
8804
1671
3820
4643
9756
4462
1633
7251
9141
5707
1535
6059
8418
496
4102
8172
3446
542
8223
4255
8309
2016
4781
5
5068
5533
1743
7750
882
5773
1496
4037
3373
5064
7203
1563
821
4992
476
1329
4528
1982
3572
7290
2133
3179
5264
2920
9068
1537
7911
1489
4866
8834
4931
4146
3455
4040
1468
6995
3229
4498
9589
8195
7946
2491
2942
1005
4086
6596
3455
2529
9677
1140
965
8206
4147
1237
1657
5105
4959
5398
211
944
5728
9638
7993
5979
362
3924
7582
6187
4872
6137
7546
5395
3296
8112
6464
6149
4693
684
9613
858
5603
8749
3186
813
3296
106
483
2392
8625
5721
7320
4581
3745
2192
4891
1913
8063
9170
2924
5618
4197
8454
6093
589
3184
7045
476
5380
308
7468
283
2496
8240
1992
6186
4412
7336
7731
6322
7666
6265
573
1001
2562
8736
6492
8992
1272
9974
1082
2873
1872
8982
9206
4922
801
374
1057
7510
5217
7779
5086
1237
5249
2050
1095
2045
802
7639
3310
552
2208
5623
4440
2399
8845
8642
2608
9524
7067
9541
8426
5539
5296
6306
5171
5508
9870
6618
8077
8135
3450
6084
993
4161
51
6890
9343
4278
2118
4656
2178
9745
3211
539
8049
3504
1063
2558
779
872
3317
6339
4662
7399
5464
4290
3915
5407
1642
4310
6186
5458
6340
7622
3944
1857
973
6506
5602
6727
1867
6004
748
4165
3486
1008
7661
2909
7427
4962
7361
8843
7656
3480
3947
6756
1219
7364
7674
781
1322
907
4123
4407
3606
9355
813
4092
3890
2822
1084
32
734
151
6722
6371
3326
4354
1342
7803
3110
8212
5134
5574
51
8824
1446
795
5544
507
9829
3429
5669
1173
6501
8963
2992
8319
1143
4475
704
5819
9364
4129
8009
3662
6371
2860
8777
2048
5410
5284
9808
5385
6694
8321
2290
8844
6539
35
6421
5994
9470
6019
2010
8932
6600
1264
5034
8455
7438
6244
5307
373
3217
9944
6737
1897
5261
4703
686
839
9807
5605
7665
3143
1250
1760
5777
4356
5845
8525
1453
5844
1653
9349
6247
2808
8058
7475
9034
1235
5530
7856
8944
2935
594
6460
5158
6017
1634
286
1576
2219
883
2236
2564
4926
7118
2284
624
9824
5150
6734
3021
5729
5853
9935
3058
3432
5724
5795
2471
3919
1024
1451
5534
5585
9396
8133
8822
1430
2814
4784
1178
3622
5763
3654
4908
1892
9729
7357
5572
7109
6730
1375
7088
5992
6876
9873
6500
2348
4624
4947
8976
3241
6992
4854
5417
9794
5090
927
6409
9121
7549
1031
6291
6684
8318
5972
2696
7596
3576
2463
272
3277
6036
6920
1831
6306
7521
8914
212
9683
2761
7912
8533
6712
9166
3935
5893
5657
2772
8229
525
7019
5830
6201
6372
8741
5532
2469
9051
4258
5494
1194
1987
1553
2861
3408
7967
7718
1222
9279
1891
909
2026
9616
6990
7179
8558
3001
7371
1826
1543
7276
1705
6230
4126
529
7291
2146
4321
7280
8541
4871
8597
7790
1935
2165
4304
5764
2229
326
1928
5621
1292
6290
884
4160
57
8472
8090
3212
9323
9601
3614
2589
1916
4828
1838
4864
2249
4145
5605
5104
5354
8099
8279
7064
788
2368
876
8347
8907
5513
1997
2362
7408
6197
5630
9365
2841
6017
7328
484
5703
2184
7390
6552
9174
5740
2382
5758
8214
7531
8077
2632
9135
3990
8569
4004
6981
8459
6363
9465
2402
441
2220
4443
92
171
9926
1575
5807
5843
5710
3751
1653
4594
9662
8823
6110
1810
8236
3725
6477
9595
6974
5091
4743
5013
5482
8705
3383
2138
7944
2182
8469
9546
9776
1722
9480
4477
5237
4068
1921
2798
1913
8290
9319
8681
196
8349
5966
4784
9344
4182
1403
2842
78
2895
5581
7134
8189
6383
8329
2538
3129
8428
2496
3422
2669
9186
2879
4136
1968
3151
4905
9062
9076
9555
7100
4567
4093
3028
6048
8242
5730
1935
5791
3467
1424
9340
3920
1068
4739
8196
9111
4645
5929
8411
6297
218
1166
4087
3331
9386
5916
8176
4930
6388
9414
3747
8047
3480
79
3879
9239
4489
5362
1451
8009
1562
258
9421
9690
9438
6956
9757
8142
4150
248
7738
6181
6502
3097
9263
9937
7919
9154
1358
4377
6381
9454
7393
1931
8974
668
861
3114
9582
5967
7185
5208
8143
7749
2866
7329
6602
66
129
1813
7573
1059
1270
2201
5363
5781
1836
1305
2570
6465
6396
2021
8936
8270
3501
3753
3442
8034
6867
2967
1549
3874
9606
1422
5626
1666
562
4334
5493
4819
5722
4654
28
1744
2146
9145
3576
7195
5147
8798
4781
7318
8591
4081
7527
5892
6636
5312
2210
2954
1328
5744
4938
4753
2242
7119
5139
9128
3254
2422
2666
8260
4406
9031
4626
6671
4497
6042
9761
5688
4367
7001
5747
6790
4592
3537
4569
7428
2133
6243
6343
4002
4680
8765
4321
8387
9832
8945
8684
4321
3511
6441
4709
1364
9023
5900
8950
7662
5301
4747
204
1830
4499
3516
3359
3448
6666
2574
9423
4701
9966
845
1321
7247
966
6126
4320
1034
1220
4831
4718
3371
2532
6694
8021
4904
1464
8779
7623
790
9667
2206
4447
1432
7354
3375
27
4502
5403
1543
3886
5624
2061
5350
2397
98
3205
6971
8231
8586
9793
2778
9862
2117
8469
7115
5547
5741
6664
2058
1861
9797
4532
6428
9783
4828
4701
9402
4354
1659
7809
526
5084
8290
9776
4403
3785
2016
4566
8058
6571
2345
3657
2876
7831
9851
6321
1488
416
5655
1510
6988
7735
3008
6978
9627
8625
74
8866
684
6240
2455
6628
2745
5043
1074
9100
8052
714
4138
9106
788
6365
4033
7671
4510
8041
2181
8968
8931
3117
7810
2112
1240
5189
5312
2171
5389
5082
4645
3566
7374
3482
1190
6981
4930
2649
5556
697
3834
4957
7247
4484
1842
3433
3461
8770
8241
9262
7551
6472
6495
2712
3098
536
2131
8113
3010
9028
9823
9665
848
7817
1527
6011
8445
8849
1608
6405
7780
6215
4312
8260
2678
513
6095
263
5631
5481
3240
1268
62
6518
9774
9635
916
3476
4021
4088
4637
5763
7087
7328
101
6963
9152
6805
8476
6777
4751
1776
3503
4447
6729
5889
8106
7856
7634
7976
7150
3661
2650
7165
2426
127
9715
9876
4864
7041
821
8245
3698
8523
7881
8937
132
960
2112
2920
1666
766
3408
5131
9725
1420
2712
9838
7873
1071
5796
7098
4295
6054
6627
8425
5153
7701
2611
5901
2460
5061
233
6771
8185
5899
1246
8122
4019
612
8639
2426
6297
4782
6493
4898
7996
397
3423
4293
4224
2937
4772
7068
4649
9746
5451
2173
2720
443
9573
5241
640
6508
8893
394
4639
6470
9271
8924
5059
8828
9343
8902
4337
5600
3521
2251
6699
7027
4102
5849
4155
9724
9436
1972
6838
1342
9706
1351
2610
8072
9570
2569
8483
6695
8559
396
2084
234
3131
8159
235
1769
5279
939
4786
7967
453
7098
4169
627
9985
4564
1039
6458
3630
2586
8641
3825
8612
957
9334
5858
811
8631
4770
2184
3092
4290
5265
2879
8456
1014
8615
361
8584
3671
1383
6006
771
876
1460
2244
2451
5527
7369
9611
9149
7263
9695
8752
7505
6150
2853
4905
8738
2272
8028
9423
1614
1624
5023
52
9394
4249
3560
1661
3047
3041
1053
2682
6566
6843
988
2102
7020
8211
1683
3901
1429
9501
5628
8737
6941
6614
5800
1935
8064
9859
6274
4000
6361
5346
3941
2502
6839
8941
3853
1496
2079
2465
4914
867
3669
6817
9385
7400
22
6214
225
6499
601
9845
5623
5349
7926
8282
3272
8230
1593
6180
1531
1831
3768
2373
5787
3725
8838
4208
6658
8226
1667
652
8263
6473
7380
6342
7547
2666
4734
2105
3687
3528
4580
1243
787
6600
2637
6590
5193
4508
9610
6813
7160
2639
7421
8143
7869
4182
3103
1811
8922
5069
5785
7590
7799
6368
2991
8888
1638
8202
3568
5148
6672
128
3490
4470
7439
1935
6589
4385
8917
3180
7577
7435
5685
3059
7254
2847
4030
9049
118
5296
9336
1792
8060
1516
7767
453
8885
2937
4548
3364
356
134
9311
9169
512
1698
1416
4159
2571
3987
3231
114
6226
8917
9485
1045
3223
208
9990
6604
4627
8768
9788
6706
4325
7154
9087
8478
8832
6037
4452
6722
3228
918
6879
4913
4201
3343
5484
8306
4102
251
2274
2497
3624
9382
2147
9870
6443
848
7281
4265
6352
3465
3078
2435
9275
4026
1093
8785
4832
1412
9767
6537
7026
6185
319
7025
9243
9525
9636
413
3511
4537
5367
9575
7759
4596
8756
3120
3119
8990
5560
4054
34
2204
5158
7936
7107
5371
7654
7029
728
1698
1608
7202
945
7021
6977
3210
6790
2911
4194
1260
1800
1826
791
3422
5315
9717
7324
8693
6040
2213
157
3601
4053
2626
7237
4781
7077
9671
3262
3907
3064
7116
9248
5458
1855
4709
5330
987
100
9621
9652
9469
3395
933
2892
4157
8281
3185
2437
4033
6448
8331
9763
7460
923
1686
5541
8294
2421
1580
8907
4534
5608
5853
8629
427
7172
8094
2535
2188
3331
23
7009
2833
386
743
7644
6877
2200
8044
4462
1667
4975
8708
7355
4150
8315
8149
9122
9968
1581
7432
6326
2683
3273
232
8723
1852
7411
7726
2218
6594
6143
5983
4085
3439
5884
6499
5782
1326
7676
5612
8330
7819
6731
3316
5869
2263
2758
1817
1641
7150
8635
5015
8815
2247
2274
1461
7459
941
7413
5097
8808
9434
4233
9696
3017
8512
8653
2309
5814
9685
5469
8680
6492
1026
7077
586
319
5434
3089
1518
6752
3027
3641
8917
4711
5048
1337
2916
8070
4920
4113
4513
8095
9700
3588
7233
2353
4918
2353
2942
6319
4675
7075
8040
7215
3361
4721
2473
6609
2048
7950
3736
9887
7888
7755
6933
8480
6750
6639
5980
4367
8602
4593
9714
7694
209
9819
7996
4913
3962
1746
7598
8551
3228
4911
7126
3701
3206
9400
7928
494
404
1736
5027
3404
3716
8326
8814
2012
5418
3604
21
419
7072
5071
2789
1031
5523
7067
9560
9788
3439
4666
3953
1430
7879
9868
7009
2929
5888
6706
1417
1926
8578
5366
7510
1318
1456
2524
4027
9827
1213
4103
1795
1610
3688
4732
1116
8371
2268
8242
4846
2892
7540
7375
5174
5624
8484
5489
6030
3064
9866
1671
1853
6932
1957
2743
168
3216
5255
1701
1809
7139
9459
5344
6724
9504
9242
9705
6038
4356
6709
3871
8557
4327
4919
359
9897
2884
7402
9826
2287
8675
3235
7913
2445
8374
4845
9930
9808
4856
1510
6008
4730
8596
2070
2917
3667
356
5635
2705
5108
4960
2138
8370
9867
4470
2126
6566
2639
8486
9907
2860
3718
4410
2491
2817
9484
1872
8080
7365
9613
4680
3898
2640
9767
6495
6107
7944
7232
9459
2985
3987
2
8943
2460
6568
9799
7928
2526
3214
4240
3492
680
4936
7414
7377
4436
9448
7674
6425
6632
7425
7006
6047
9996
6574
238
7267
4658
9035
4392
6889
9032
4776
473
2401
1860
2252
2337
1932
9291
2232
4954
2462
5800
2781
5181
2395
7893
534
7497
8382
1107
3595
6808
8817
7026
8239
7411
3894
509
8768
589
3983
1460
7010
7282
3607
7396
653
293
8893
7260
2626
1513
1886
1828
3507
2498
2960
1715
9293
4828
4058
4316
3675
5947
230
2885
7153
8964
1764
6461
7403
8451
4888
9175
7223
4386
8907
2900
2588
6444
433
8884
4224
6109
5522
1914
2980
295
328
7797
5513
6939
2592
7625
7153
6620
3782
4292
6070
926
8546
4941
2913
1506
1367
8076
3501
1846
5048
2702
1891
9628
5241
1439
213
8185
319
8959
314
435
3853
3120
2072
9433
1495
1629
3682
9999
473
4253
6446
2368
911
9989
632
1538
2954
1125
739
2892
7231
506
133
9393
267
262
1531
1314
6474
5217
117
4106
481
7485
4807
1990
9987
1040
1120
839
4825
1731
3208
9964
1429
8694
3132
3897
1457
7362
3176
3763
5582
3650
7322
9450
4179
3518
3117
5857
3703
6851
9324
9805
6595
5023
6059
8712
7927
9393
7431
8533
2881
930
8545
3251
9464
3666
1127
6306
7430
9924
6557
5479
9687
5913
5655
4610
5885
6644
3152
9387
7065
3211
9653
4628
48
4920
5008
4421
2610
6508
6310
4954
6140
5320
412
689
7948
5863
8841
4845
9020
5421
8143
9186
3632
5829
1722
7957
6838
824
2710
3369
8343
9439
986
1223
6701
5762
200
5552
7182
6146
7999
8638
9461
8599
2961
274
9719
5394
4384
6654
369
4174
2974
9217
8277
5634
750
7029
6168
5357
1785
9173
3236
8419
4049
4727
8041
4854
9794
3947
1890
8989
6022
9675
3268
7288
9794
9917
2754
492
723
9773
1016
2464
7756
5679
8775
4673
9910
2631
69
3375
6627
9354
8650
1072
4321
8637
2491
6544
9729
8606
1353
1375
2270
5012
4820
8341
7624
7488
9419
1614
9202
5674
4069
9026
7333
9179
8929
2231
4954
3726
6980
2986
1615
1631
3839
3632
8590
9711
5229
6109
5226
8058
8308
3921
3429
2581
4003
834
525
5188
6727
3075
848
5729
6321
2915
9379
7479
292
8419
5204
915
5073
8527
5315
7995
2729
5326
8656
3284
9383
3222
8176
3921
9831
9367
1460
7307
487
9541
2037
7171
8512
1562
5208
1211
9431
6042
20
1479
6093
4652
6518
9855
6905
6523
6158
6329
8754
1484
5500
1853
6653
7195
1638
2890
4628
2354
1281
3534
1282
5045
1997
537
1462
9677
5857
2364
6618
6606
3392
2636
3076
6077
3550
9612
1497
1127
6243
2128
8256
1459
7522
7705
2454
2070
282
5502
3941
1217
5105
7039
7569
1175
672
5543
7009
2943
7314
726
45
1698
454
44
8018
9194
8100
2845
493
3493
2836
275
8832
409
9074
4697
5098
9985
3867
7257
5360
6028
7351
6025
8784
6921
6411
735
4764
2003
1608
3006
1810
4058
7191
3748
2791
2799
4940
7622
6231
5084
4206
8978
7154
8158
8865
2106
7543
5387
7543
7354
3565
45
5734
2736
4202
4633
6953
470
4917
3372
6140
1798
5341
6248
4339
4649
6515
4617
8219
5909
2734
5178
4539
8521
6356
4217
6584
7512
1552
6559
7368
1834
5280
6995
388
1080
5551
401
3856
7675
9147
3697
5235
4222
7856
3702
7338
9876
3084
8434
1134
5376
430
9282
3663
1214
5197
9027
2331
997
5499
2717
4704
9238
1980
9155
6496
4831
7502
3194
6020
3847
3936
3674
9581
9840
307
1154
1050
2136
902
4910
4422
9683
3988
6094
5582
6375
45
230
8437
8453
3289
1237
7207
3532
2203
9748
3112
679
7221
9059
4163
3478
3523
3141
8773
1242
586
7625
8809
9673
2303
2044
3218
8949
1927
2511
3485
4729
2054
6548
96
6372
4566
795
3081
9219
2935
9442
7414
5890
6291
3409
6726
9733
775
2869
8985
5166
8909
2844
5480
9339
5988
7951
8039
9310
8849
5187
5707
12
490
5063
9385
1937
9291
2020
1535
7174
1004
6662
1003
6347
4947
7169
4165
311
7628
1687
9061
914
8121
8109
1767
3554
129
6911
7778
6255
3144
4425
9760
3832
4449
3347
1468
3303
8520
5638
3401
3845
9077
3003
7213
6723
6925
3607
5491
1168
3688
4678
3689
8806
6965
6841
2208
1282
6632
76
868
3271
2013
1228
6842
1174
7659
3403
2064
3086
7105
7376
3894
7030
567
6532
6142
1389
8805
3327
9792
655
300
1016
6095
3388
4835
6425
4543
2495
3426
1683
7666
9603
298
5355
3132
1989
2147
4670
2474
1188
9019
4968
5859
4067
826
4556
1225
6519
8948
3704
597
3621
140
658
8377
5171
3458
986
7026
5622
8510
9194
6325
1316
4352
6323
3591
8034
7210
7317
620
464
6628
2707
7236
9312
6759
2665
573
7078
4936
40
9022
2532
7845
5937
6889
9988
6923
1582
2467
765
9230
786
8201
7864
2392
9889
5788
2059
3858
9972
1134
1450
8926
5771
6556
4055
163
9700
7647
3962
6576
3659
6844
1793
9657
5791
238
8700
2420
3599
9932
8429
9736
1650
3154
84
9507
3632
5290
8715
7468
6841
1019
94
3506
5934
2224
3048
5719
3404
8534
7064
1401
2584
4459
9085
5403
3686
5150
5785
1128
8342
3130
2747
5509
7899
6444
3540
3992
7795
7361
1840
4819
5024
9658
2847
8671
8026
9842
5763
3031
1817
1768
4371
8731
7746
5178
6380
7519
3227
8549
3057
2569
4605
6092
9727
1305
3633
5449
2256
3435
5256
1668
7053
5202
7575
1706
9800
1209
73
4399
531
5692
1134
2566
9642
2626
7994
3777
2196
6263
539
824
7722
4693
8554
2593
1382
268
281
3017
4619
2680
269
6828
1666
7413
3046
6950
4235
4293
9931
6453
9842
7096
8041
8251
837
5943
7476
7605
6116
4146
379
1831
8922
7370
2219
2615
478
1414
2278
5056
2342
2700
0
4146
2974
3075
6109
2719
3913
2580
1760
207
1532
9346
533
3969
9939
5726
3872
8986
6496
417
1603
5037
8073
845
2117
6821
8000
4872
7531
9765
3656
2647
9564
9341
2947
7973
9429
7051
1890
8247
9202
1322
4633
9359
1415
7290
966
3384
9521
3419
8085
5165
6321
1469
8574
2853
9576
9697
1804
1277
8632
6941
6766
530
9453
5992
6438
5090
1632
9047
5714
5289
8105
4347
7334
9200
1133
5386
6486
4040
9328
3801
2912
3819
3379
9102
2860
2276
5206
7
7404
4376
7376
516
2441
7815
8401
851
38
5653
2814
4480
6803
7599
2602
472
1542
2279
173
844
9141
2524
6992
6973
8211
7968
3150
1937
1699
6436
7175
9136
4613
8885
2715
6698
5971
7497
9847
991
905
8911
7697
1774
267
2224
638
507
8445
7025
9786
2245
2091
5981
4526
6633
8848
9671
4156
2664
8789
6269
3667
8040
2233
1003
3265
2045
6849
673
9454
6756
7787
8023
8978
9300
1066
5943
5273
9181
6307
5580
9185
5918
3087
7176
8037
8493
1326
4639
5727
6350
7742
3557
5270
1155
4605
5681
5326
2361
5873
4960
4543
1919
6612
7891
4468
9871
9319
5485
2932
8721
6156
301
4518
1243
8693
484
8955
8002
6694
8886
58
7132
845
7615
7562
8216
2858
5941
7843
6296
7489
5019
8178
532
6250
8079
3205
3788
7021
5036
1740
9825
953
9703
7165
7673
8063
1934
3316
4762
5725
4835
1699
210
8585
1726
2574
2794
4596
4864
8816
8051
2164
7364
1310
1621
1028
153
2619
2250
7213
1096
527
6343
494
4057
7135
9102
1939
4868
5002
3765
8294
9652
1245
681
1
6994
6639
914
8247
3153
2556
8608
5739
9346
1817
8511
4537
1561
9743
4741
6640
480
1094
2542
1955
9386
9196
6337
2953
6997
870
5284
63
6342
2987
7497
6207
9232
1696
7082
8736
1047
1942
1678
2411
2773
8366
8891
7863
1041
6648
2859
7756
4161
7972
7297
3104
3068
619
3387
8583
8614
501
2937
6311
7596
2173
2061
1336
9199
7154
1849
9742
6934
1539
1333
8739
840
8373
4753
2881
8371
149
2005
6149
8666
171
6743
9876
2432
4861
8544
577
512
4392
9332
7018
4620
3855
8781
7648
8317
880
6269
8179
784
7557
9678
7925
4412
2258
7497
3044
3362
7561
6883
5675
3646
7045
5527
8537
282
9591
4037
3553
7714
1390
1297
8256
3924
8243
3297
8275
9883
2681
231
6335
1021
8727
5750
2112
3049
6827
7691
3831
2288
8874
9568
5166
5793
9367
8987
413
7695
4031
1929
1092
7958
3817
8957
329
3879
5973
370
1104
2262
6619
6598
4253
2162
2860
6499
4310
1442
1713
3319
272
9307
6417
6324
5
9746
48
1414
657
3731
2231
7808
4591
7966
2101
2758
9110
4468
6399
2881
5142
3905
9192
3301
7448
2364
7163
5025
6494
3228
2684
3633
7870
5444
6160
53
5164
732
946
3884
5711
1987
8187
9867
3067
5447
1209
2718
417
9514
6981
3839
9781
2064
9374
8791
7805
49
1956
7921
2044
6391
9384
7979
4631
8170
2350
5200
9805
9035
7319
4235
735
8226
4843
5826
6387
4833
4390
6929
7739
2203
9698
7000
2468
8246
8394
4300
7940
7781
519
5293
4502
9258
6605
8335
7588
1766
9955
9992
2386
946
2328
554
7573
4926
6492
8567
2183
260
3531
4124
6151
4748
4046
5398
1617
796
6484
4929
665
427
7289
3734
7124
3039
6733
598
7245
9131
3953
3225
9131
9581
7426
2704
1046
7122
3169
4846
6239
4293
2161
1735
953
1590
1572
5274
1459
2942
5015
4385
540
1851
5654
9674
6788
6536
3689
4052
8245
3666
5564
3737
1563
6769
2873
3220
3253
5610
5175
8067
2084
4853
8578
5636
5638
4379
5608
2606
8012
1368
21
6342
4928
8915
9997
9648
47
614
6517
2692
7412
494
6187
391
2019
4395
6978
3924
97
3657
8199
6241
5345
9285
9080
1298
8056
4590
1098
8690
9595
6811
1023
4159
2434
107
5916
4177
8590
2131
7035
5113
8726
9307
4288
9623
9445
9645
443
4119
3468
6278
7889
3715
2013
1863
1563
6379
6693
1689
906
6656
8738
5431
4570
7914
6445
8439
6430
7512
2825
8018
366
5458
842
2681
8997
1276
7391
2678
5973
6297
2372
9363
4551
8359
8811
5164
5997
4947
559
4743
6684
2248
2804
1466
8004
2512
6071
1711
1052
7861
3903
667
3461
1066
3445
4199
6127
6905
6192
3289
5415
2705
2676
7021
4226
548
3087
7729
3337
7013
7919
625
4593
7900
1491
3672
6027
9980
3328
7214
2234
5806
5160
5866
7477
4825
3144
6352
2599
582
6134
1017
971
1552
8497
8653
4356
4784
9961
3002
4086
7692
3817
4812
8513
885
2449
2352
5995
2514
884
3500
2392
3939
1772
7296
8215
4556
3729
7703
8645
9392
6295
3810
204
8772
3314
5244
5743
927
6901
1872
2973
3578
6931
2274
4346
4587
3273
2826
3164
6763
3554
561
9126
3976
9753
9207
1007
5945
2989
5688
4453
3312
881
7144
7782
5797
8648
205
4200
8320
9732
6046
4365
5413
5207
1713
4114
7984
956
9554
6717
5098
3901
1342
1708
1586
3135
7987
9052
6628
9694
6349
6512
5258
3793
51
8720
2889
2869
9740
5937
5020
7953
3884
461
8572
3879
2658
4960
6659
2198
6925
7587
5370
4819
5894
2717
1237
2366
807
5873
683
5840
2228
274
2798
6159
3768
2846
9133
1773
6277
3970
7963
7072
3009
7171
3216
564
3145
9565
3356
3611
3490
3870
6197
3795
4966
2733
9442
3504
3015
2819
5931
9208
9904
6968
9594
333
6214
3149
3950
7892
7108
2288
1534
57
9858
5115
2400
6648
3218
1043
7238
4716
5330
7657
921
5677
7200
8365
4352
5749
4841
157
2691
1035
4032
8009
8660
1935
4256
3285
1821
4126
8738
6808
2958
1600
6121
7625
1459
6749
8934
3202
6404
7126
4691
8685
7455
4022
1041
9477
5336
1337
63
8377
8614
6402
6941
521
1758
2153
8536
3944
7289
528
3987
9293
1250
3754
7273
2305
6108
8918
4567
5586
9887
1216
2713
9833
7074
1757
9774
8480
7385
2776
535
216
3212
4442
5771
4710
7828
8266
8679
2924
4850
8735
6743
6059
3708
4136
8303
8668
2688
8496
5341
3687
8908
2005
2481
5993
1692
7552
4146
7496
5225
5012
2238
6184
2505
2001
9546
819
4730
425
4110
5964
3316
4380
8047
3272
1356
1058
3095
1247
1553
8815
4989
1501
8019
696
1639
2294
9071
8965
1899
826
118
4918
5486
6239
8464
1950
298
9452
6251
3296
9531
1774
9040
8653
7398
9067
6505
8568
8711
8284
3843
8613
3121
8528
4394
1486
5086
4334
7334
7445
3566
3476
2318
3113
6354
9039
2161
170
9600
360
7179
3625
4414
4692
6788
3350
3781
5696
3714
8550
5205
5647
7830
5614
2989
2884
6914
9043
3146
1794
8377
205
5004
5017
6786
1541
2329
9183
6221
66
9831
3556
1778
5435
1880
2398
1791
1816
9671
4331
847
1802
5588
3967
8956
9712
8736
3453
3657
7533
7753
736
3691
4669
6459
797
9596
2967
1288
5799
7425
8612
5133
3832
4141
3419
0
6051
592
8987
6068
1544
1398
1365
3023
7201
2563
8043
1097
8163
4583
6539
2218
8413
1710
8702
5426
932
5032
2929
2121
6035
1766
8620
3811
1224
5768
8627
2988
379
9242
2511
8586
1845
686
4184
9675
8405
381
8938
3989
8998
7146
1687
2630
8804
5909
3838
1830
9980
1916
8389
6511
2102
8298
1709
6146
5360
9840
1315
2436
9829
950
2735
324
4474
4087
7067
9958
3671
1465
9
4405
3691
439
8406
6360
9409
5265
8873
9733
4606
2278
1877
4856
2647
1029
4586
7963
5567
7061
6947
5365
3178
8379
9227
6879
7680
7111
1689
9571
7643
1213
7068
8563
6847
5829
1494
3510
3744
3322
8039
9160
8453
4991
4511
4274
9217
6245
8065
1271
7499
5099
7632
792
3823
8435
8256
1900
2051
6200
1354
1048
7755
1365
1898
7974
829
2201
4312
6388
9879
1988
4561
4818
9899
9381
8536
7545
7611
306
7344
9707
3089
8682
2123
3723
972
147
1990
3055
550
4453
2478
6508
949
959
9580
8025
5353
5552
8375
4874
1291
6268
6207
4558
6515
4872
135
1206
7912
1765
4955
2418
8178
2630
9085
1766
2421
6731
9093
6729
6868
2490
9422
7210
5922
2930
3417
7479
4419
1070
2833
6818
6431
3238
2748
9861
467
2612
6930
549
3601
3849
3185
7455
3489
4788
9113
2150
7000
1185
4924
1369
1043
6655
8462
14
1813
8740
7945
4632
8919
8576
6103
5588
3701
6223
6115
7041
9377
518
9354
6813
6780
5738
8521
8746
8456
9237
6863
4531
1495
1216
9454
4746
836
9313
6827
2746
9188
9691
7340
3816
1958
1047
8744
5738
4
9827
4643
7637
7254
8150
3101
3515
3387
5982
9718
4195
2907
5532
4088
4181
877
5056
7063
4514
507
7967
7678
3395
9583
4479
7233
996
7961
2158
5719
1648
7596
8158
4169
9087
73
7780
4514
5842
7493
3
440
8992
6637
2433
8994
9694
5346
6347
3439
6735
4111
7870
8526
5032
4170
6566
6625
4780
2505
627
2041
976
2311
189
3004
8047
8116
3921
8452
1414
9285
4049
9626
9992
3113
1734
7792
6449
2420
6190
5289
8216
8848
1135
8073
7484
9988
5709
7467
844
37
4907
4726
3146
5792
9137
9909
6563
4852
3138
4461
4673
9610
4753
3689
6283
6043
8048
2371
8212
4965
3462
8069
1812
6279
5243
5222
8170
649
6745
5222
5945
5742
7792
4496
2795
3110
6896
8481
1583
31
1138
5065
7889
1280
9655
4702
1969
3576
1152
50
6498
780
7818
5455
3616
8848
8780
2678
6714
2592
9295
5513
2235
6709
9359
7207
5247
1113
2702
811
4897
2563
8094
3061
4777
1390
8077
6735
9486
8050
169
7906
3808
7217
2390
1341
1831
7310
5244
637
4936
5893
3225
8473
9405
5611
6662
9184
583
7211
1452
4000
927
7939
7942
7536
256
1692
1816
2916
8371
28
9673
5799
9770
7548
1789
3683
1853
1303
3217
1218
7250
171
1524
6140
9174
1968
7698
4425
4507
4854
3418
8320
7800
4751
5359
8105
5741
6799
666
7758
7335
1664
5070
5833
8826
122
5873
9536
1653
4249
9571
3869
1440
8071
2441
7310
5658
4887
4256
6333
1163
2650
4877
5215
4222
3377
4680
1779
7355
1790
7593
3978
3621
4411
5805
7116
3997
1447
6947
220
39
1746
9939
9943
698
1922
4716
4244
6852
5973
16
385
3926
4850
5556
7272
6737
9572
4524
5788
1324
7882
5585
7571
7588
6128
9655
3679
7748
6661
1876
3709
9918
7524
2736
6167
3629
1956
5502
5306
4275
291
3747
3722
655
8920
2054
8330
7259
4698
5175
2442
7591
4014
2413
6923
9643
3049
3582
1909
9769
909
7440
8775
5903
1882
1994
6839
7964
8578
3711
5701
9202
2841
2019
6508
1848
2149
384
7755
5240
2556
4364
6262
6072
7028
7536
6963
4376
1089
7034
3101
2045
739
3325
8357
8601
8700
8405
7535
4721
5542
3008
7717
9215
2114
8058
3262
3971
3548
9998
665
625
2255
9295
127
5188
9203
3002
1632
6438
2627
9572
7790
9743
4764
9442
9896
7831
1474
4625
2282
5507
9702
2235
7131
1210
8986
8871
3473
4774
7382
3874
9883
7650
1778
9939
2226
3646
1332
9540
7168
3887
1055
2004
2219
2540
8121
5724
953
485
2414
8811
5705
508
3070
8474
5054
7039
8046
5713
2210
7374
214
7952
6703
4443
8324
4813
8138
0
4867
7555
4077
7521
4419
7994
6702
6237
910
7800
7335
1230
773
8647
4943
1422
7160
2802
3740
3053
8110
5038
9252
7815
2943
3435
8128
2654
1634
7764
9452
2687
6477
9626
747
6037
3573
2435
1050
7225
7766
5217
2441
3794
1976
9445
5661
273
488
6179
3688
113
430
8949
3362
852
577
6488
8205
3820
6058
3644
7828
8329
6575
5145
3760
8259
793
5314
5160
7104
7942
3510
6733
346
9082
397
9615
4714
2685
9781
2896
3982
1120
1531
5802
6137
1603
4022
1428
906
1365
4857
4552
6787
197
509
7824
1451
6319
570
8779
2047
2983
6967
9047
9549
8569
2095
1201
4662
2847
650
7921
1362
8816
3145
4717
6525
3169
4564
3853
3590
853
7183
8882
579
5354
5104
2037
8397
9598
2818
2406
7623
2479
3716
5574
6582
5407
9545
5051
9545
1310
3404
8660
9111
5194
2724
7773
2455
8207
9524
5790
4937
3871
9553
1373
8623
1820
5237
9045
9197
6242
6852
3471
210
8433
4303
7335
1400
6619
9465
2625
6716
1542
987
113
3514
4604
8330
9320
9723
4307
5559
1295
2498
1585
3728
1853
1427
6913
561
1374
8759
5316
9758
2157
5681
2401
1769
9763
414
8539
128
9606
9893
4775
4812
8484
8228
5031
6627
2047
9108
7085
2101
4445
9067
3215
201
1803
3078
7675
3185
983
4810
3468
6628
9274
3949
2059
6077
8846
2193
6120
9111
8795
7297
4168
6674
8249
1811
6693
8069
5266
1300
1968
1406
4520
2975
5756
7113
3369
1905
9395
3177
3756
8211
6908
2139
4017
2421
1322
5136
3637
9528
6359
2645
730
9849
3483
2049
5327
2217
3160
8324
1056
7276
225
4602
2388
5429
2956
2521
155
3210
2277
5913
4656
4367
1581
3092
6108
184
7866
1868
8147
5713
9038
4436
4370
556
903
8329
3527
9407
4068
8733
6626
8557
9298
6188
3875
8521
9952
8527
1007
1829
7797
3049
7965
8013
4053
5762
4373
5237
9875
1963
6277
2610
3581
4881
7865
6254
2341
6001
5561
4249
8547
9154
7513
417
5197
3405
5710
6920
8626
1140
628
3646
4027
897
1248
1859
7452
938
9184
1771
2820
1802
3998
2938
6519
9842
2519
8198
6853
9088
433
1062
982
7118
674
6550
694
4996
6900
2734
3410
2756
6307
1047
3181
2129
4085
6908
6253
1786
7775
3051
3924
4759
6699
4375
2478
8931
4697
6129
7332
519
1340
2704
4259
8740
3235
2790
7949
8385
5818
2106
9209
992
6124
4449
1289
4719
7638
3627
9039
5666
4173
4979
6695
1644
2278
5060
4840
4718
4093
3744
8512
3257
5434
6001
3987
1102
6768
3540
6548
4955
2660
5558
8585
4469
6071
6800
618
7178
5726
2930
6263
1690
571
63
5433
928
4512
599
1083
2462
3872
2519
7165
4329
3482
8181
1736
7941
1905
8700
1382
9677
9364
8923
8788
1805
8108
1880
7161
2418
3328
2216
8613
7410
8204
9434
7344
9746
2800
9935
3406
4799
1957
827
2574
5495
57
9079
8448
864
7095
5412
2490
6594
4142
1048
6589
9524
8592
429
3433
6927
8028
9443
6703
5324
8086
7681
5746
583
7554
9690
7997
8933
3378
7855
4553
3350
8401
4511
5916
4676
3069
4195
7580
6086
9498
826
3523
5695
9020
1502
2243
9613
3810
9330
4639
9358
8880
544
9389
2055
3819
423
5883
1739
2733
8657
4960
6889
6932
5652
5454
2921
8080
8179
4417
5072
6733
3896
8800
1096
1288
3696
7429
8353
9370
6181
7549
6837
2207
9509
9545
1281
4387
5975
8416
6008
6653
6099
8990
8344
6613
4295
3053
5605
2882
5765
4853
7529
974
1059
8649
4291
4656
7831
1105
8271
5564
3546
6768
2685
8194
9079
8329
7801
1788
9726
9162
6492
2081
912
6036
6485
6117
2600
7362
6062
9501
8501
3088
6422
5391
2924
5471
5159
6147
6687
1763
70
6728
8007
8653
5228
647
9652
5703
7863
6731
8254
5856
6066
6907
129
5303
7150
140
4111
9336
4128
3136
4938
5881
917
6358
7068
8919
7468
2343
3062
7725
94
4690
1708
4391
6230
9606
9021
6109
3399
7936
9030
6014
9136
4719
5864
5248
204
7330
2162
6758
1876
9184
8521
910
2872
3475
934
8300
7293
7274
1922
9527
2992
227
4150
9117
4059
9293
1786
3654
8899
9864
393
507
7749
297
1741
9337
6783
560
2535
3053
575
4749
4268
1000
7621
8820
1158
6682
4784
7072
6368
5572
5648
9127
1198
136
6009
1127
508
3183
7231
3819
9469
167
5416
9851
2077
3325
3481
7423
4588
9216
4578
4157
3369
3776
4543
3462
785
9091
8131
6658
6771
4801
1832
5740
4320
5113
2880
8945
6922
5268
8904
8722
5159
4017
457
176
3402
9287
8548
3905
7616
378
2493
9623
2291
3722
5265
8192
8437
5500
6564
7338
1066
973
881
842
256
4416
315
4281
6502
6992
5288
102
3902
908
9514
337
9127
8264
6689
228
5856
2507
3401
4761
6270
2725
3390
7163
1717
6858
3371
868
5192
4260
5198
4473
8822
4356
1829
253
8527
3969
5992
9347
3455
4780
1350
9263
6063
2846
1163
7942
9364
2357
4190
2359
4776
8503
6428
9726
7995
8365
8222
8561
2609
1445
1361
609
1425
4967
7430
4552
1880
5460
7538
5095
8300
2190
1148
9100
7852
9494
7547
2262
30
3648
2325
2929
8056
7629
8736
2577
5549
487
3184
7294
4080
7659
8870
6407
2262
3489
319
1189
4596
6073
6779
9654
9438
3711
1648
5787
8786
6665
6189
6539
2091
8519
2973
7890
858
8079
9777
4958
9737
8435
3150
3173
5411
8445
9810
7139
6072
1749
3921
2472
2791
2563
6053
2554
1318
6193
9757
6788
3268
4057
2979
5329
1658
2963
9810
3218
6516
5409
8774
8063
6905
4087
9583
1042
2814
1557
1901
348
3735
8875
8758
4150
1068
4381
2871
4941
8888
5512
3814
6684
8695
2905
9966
2770
9627
3934
8067
9681
1837
8618
9203
582
1588
2556
2736
8389
1771
7631
3691
2302
3077
6225
5460
9162
2121
2554
8376
6461
7572
5039
8793
65
6060
4883
1123
1102
5855
5816
6739
6756
8522
357
2950
1804
2792
6462
4555
1360
3870
4431
3637
6177
7981
4642
7301
1421
5749
1577
7765
4313
8221
7510
8609
3454
9468
355
2979
1713
7540
632
1923
8714
4860
47
9782
9048
4394
4565
8114
4087
4759
6429
5169
1822
6458
1260
6693
7274
7781
5121
6264
1870
572
251
9527
410
1683
4246
4511
1637
5327
6971
5086
8153
6399
556
5878
4991
9628
1983
7865
2447
3883
1040
1651
8873
5017
4586
757
6237
7715
2748
8550
3216
4388
2642
3348
6474
3232
2957
6532
9276
1485
4632
6016
8972
255
1476
202
2531
9973
8214
5379
8399
1557
2146
7605
3739
8512
6973
9896
4190
6605
5109
7519
9635
1349
5938
6296
8470
6280
6207
4333
2693
4105
8513
6163
1042
8644
9012
9106
1333
6385
4772
5596
1902
5772
7618
930
5263
9841
5513
6868
7096
1194
6239
6050
2685
3120
7311
3663
1724
9470
1897
2379
891
9010
4217
2378
9084
4070
7842
7841
5724
8845
4805
9158
8818
8382
9957
3433
4100
8522
4675
7889
4547
769
8395
6945
9506
2553
6975
8515
5287
2294
789
2577
887
8944
132
4607
9441
5641
3481
8141
9715
2455
4664
1527
9515
557
6229
6578
755
2989
4465
6234
4824
3630
4236
6688
9579
5310
8910
6768
2426
5713
945
2865
2699
1859
4889
9665
4164
939
1461
1184
2686
6589
6663
2022
3079
2393
6053
2867
3304
3377
3465
3763
9019
8920
626
1607
6723
9254
8996
7728
9982
5815
761
7768
3967
1665
5435
4387
1357
8249
5240
1298
9653
7747
210
5750
8818
2298
5796
5279
5065
9975
192
8306
1218
9303
2475
4852
8115
2002
3191
9893
642
6580
7457
2555
4806
2637
6157
5877
4504
1777
4616
7423
8630
2306
3723
5831
4036
5492
7439
3180
5273
8917
1332
7327
1938
5406
2100
8924
6462
8893
6040
8641
3107
8148
6000
6266
9708
7627
8554
8713
8386
1264
1116
8958
4030
6688
4128
6144
4921
8939
9013
7569
855
404
4581
4804
2591
2977
621
1246
1307
8736
1820
8193
224
1167
394
2054
5216
2081
1218
6991
1713
4963
6350
7020
3018
202
2064
4626
5260
3384
288
6298
618
1757
9493
3461
5819
3012
8553
9632
9640
5449
7494
5724
7915
768
9023
9450
1476
8881
8276
7514
1959
2734
1211
4690
424
9997
9955
8740
2996
7018
4955
1464
9208
4080
1587
5011
308
9075
2426
4342
9171
458
1878
7939
2533
316
8334
3971
3515
2456
7841
9374
7004
1297
8961
3396
1961
6354
25
7617
2270
252
3029
1447
6795
2924
3091
7612
104
3943
9046
9286
462
1419
3356
8901
1906
2854
2838
5835
1195
2082
2175
1589
4109
5990
6442
1417
2015
5990
8651
7276
3673
3331
7467
3474
3254
7553
4069
293
2763
6092
3130
8888
5014
3973
3679
8026
2237
7126
4564
3069
1853
2930
7237
8270
7965
6684
7679
1099
2418
8844
6145
5891
6983
2431
1703
1425
4250
9318
4141
6549
6369
6850
8596
6636
7092
8177
8887
7794
5539
2689
4935
1390
8151
8606
5904
8399
2639
4907
3500
6054
4187
8225
3178
4676
1270
2893
6364
9031
3017
6947
1363
1956
7677
4320
2034
2223
2236
8291
179
6834
3037
9095
8122
3770
9732
715
5202
4867
2878
2999
7771
4792
2236
1946
382
4982
2322
1938
2703
9464
4898
6813
7426
8942
2596
4729
5336
5800
4455
4754
5318
4065
4698
9599
2639
9290
9854
1819
6739
4654
5315
254
8157
787
4621
4790
5218
1847
8581
1527
503
6357
8731
3898
5835
1698
1827
9745
6241
279
91
4730
4211
3573
7262
1158
6996
3723
8465
9553
9958
6247
207
177
5272
3134
4717
4138
1973
7892
699
3643
6672
7088
4175
6713
4623
297
2808
6384
1426
8003
5209
435
9997
1964
9870
4547
508
6424
8604
8342
1243
2553
6376
3256
4008
1189
3288
3010
9756
3428
3641
7237
9312
2974
6904
9510
7764
470
6737
8591
4940
7452
357
1111
6397
1831
243
2292
939
1653
9451
1477
751
5784
8369
5528
8525
7563
9727
9937
5693
4254
1838
5058
7414
8556
5095
6622
2266
6651
1352
5350
1025
9286
2329
9243
870
7095
8740
1764
3989
9805
6679
3646
3838
3643
6142
8031
8744
6929
7427
3710
7540
4066
7556
8331
8748
2461
9386
6652
3695
2475
4742
2400
3566
7251
3613
5790
7850
7329
8550
9264
5780
7714
8684
2167
4669
7633
4627
6098
3287
3047
6063
4850
9531
2337
8364
3289
5333
64
3680
899
2394
3486
8174
8487
9618
4413
7424
1172
5295
9979
7853
5013
4819
799
2732
4212
1773
4764
1384
2365
2500
4501
9070
6531
6754
2380
2330
5116
139
302
6710
1922
2102
6452
7574
8566
8985
9264
2011
2640
9399
2758
6651
7017
296
5507
4527
3887
4816
8049
4198
9029
7668
3278
3197
1277
1475
8658
8230
2669
8941
5057
1540
1923
9377
1461
6728
803
844
1379
515
3951
1540
5272
4885
9816
5727
1420
800
9857
8317
9477
714
2285
5095
9322
2569
1384
78
3205
7782
6389
4506
8054
8380
476
2604
7956
841
2499
1753
8916
8114
6961
7034
8993
5822
5771
5016
789
3639
459
4812
2475
4334
5611
2207
687
3906
6540
9570
3005
1680
9526
611
8060
1601
4903
3139
7268
4321
4152
7904
7773
6395
6788
3278
6673
3268
7133
3717
7777
1337
4197
4374
5632
5443
4476
1504
6340
5201
8386
1803
2000
8788
289
6978
9861
5296
3590
2343
2062
5736
6633
1768
1665
310
3024
7124
4196
3429
8247
7363
6718
9808
987
3434
8655
5811
8671
799
4552
1771
1380
92
5324
5447
8406
3417
7599
2275
1620
8323
9779
5478
3176
3029
4520
9776
7242
8763
466
7576
1065
7293
9727
9173
2862
9888
4815
353
7653
4217
7869
4668
9257
5786
7030
2373
9517
9612
3487
152
6845
1898
2920
8605
4762
4632
5217
8806
5988
1821
3129
8763
2391
4241
9657
8889
1424
1070
667
962
3059
6160
9669
6460
9528
3782
7502
3891
3614
7009
9606
6101
4281
3890
2983
9080
4146
7387
2849
4102
5328
9266
912
8970
1605
7940
9990
9636
8010
406
7096
8137
5336
1242
9498
7747
1373
408
8289
2620
3075
6688
9699
7317
3163
5599
2343
7346
7240
880
4906
450
2233
3244
9059
6510
4095
6767
352
1390
8762
5539
6314
1931
9999
2321
8124
6571
3544
2868
7388
1077
8600
2115
3156
4565
5849
5822
530
5501
3120
2093
2409
6568
2489
2963
8811
4350
6595
2303
8081
5072
464
4059
3006
8329
8110
8257
3254
4438
1194
9618
5298
9502
5421
8394
5354
4777
1971
8727
5282
6445
3303
184
9734
8503
9761
7817
5351
7785
8002
3735
1872
1211
8624
965
6685
1491
5463
9347
2234
4035
5236
1945
2706
71
6095
2300
4797
9436
7801
8619
6985
2513
6621
1766
5420
6103
1392
9533
3391
2107
2203
369
941
1274
6143
7951
1655
608
2271
619
8833
7622
687
6620
3945
7420
4855
5237
9587
4120
5631
8451
3365
7451
9595
4719
8793
1194
8150
2533
7552
7862
2971
3930
471
2406
1954
3335
8265
5279
9345
3390
3899
7577
9085
6753
7347
6180
8471
9946
5094
5213
9653
3197
8684
1074
3302
6420
9555
9659
5428
4036
1856
5302
5130
8358
4068
5752
8524
8673
6072
4467
8180
7967
8993
9455
5124
7654
7153
4355
5500
4618
4857
5176
9190
5923
6866
8764
1641
7177
5769
5522
2988
883
9662
8663
7591
7167
9808
3342
1178
8163
5522
3683
9566
5322
6358
6068
6821
6873
6242
3907
293
4178
5847
8955
8910
8236
5736
9593
1056
6908
5213
5080
1166
3991
1396
1787
535
6303
3042
1064
2087
6392
2902
6330
7474
3590
630
6119
581
5701
7810
178
113
8246
8784
9008
496
8615
3085
2618
1843
3318
5887
4252
6192
7938
4667
4468
865
5840
5819
3751
8236
8544
2189
314
4506
3197
9805
8676
7610
4154
486
5809
2183
2372
48
9161
2688
9212
8711
9274
7267
5653
1271
1430
2256
3629
474
1098
6701
7517
3883
6308
8655
747
6625
8873
1086
4199
9945
1041
3021
9859
5985
6447
437
1287
2139
9346
3443
9727
9756
6792
1267
409
435
9030
8854
7170
345
170
3901
2690
3393
6284
7046
1027
7775
7627
9633
5638
7141
4810
5909
1350
8177
8473
6224
4658
7522
5591
1252
2178
9133
5750
1138
8270
6087
6494
6852
7623
3042
8577
1360
6526
9193
3885
4123
6045
688
4300
9232
5600
7889
4989
8865
1231
8871
3806
1566
5125
8471
7645
2712
8910
6723
8332
8501
5626
8539
1093
2862
357
6733
4650
1039
9203
2774
5483
6088
3876
4329
2845
6653
1578
7069
8631
6573
5178
8807
1954
6724
6797
8729
4581
8268
1585
9948
172
8346
7853
4796
9117
5529
5391
3100
3710
1098
700
9635
4282
5089
8010
3371
3264
7619
5267
8133
8620
5513
1837
7816
7206
4484
4941
5113
4821
7728
2751
4905
508
532
9197
4191
2153
3141
7038
5585
5205
7060
3961
9645
415
1604
1971
7375
1457
9881
8512
3381
5993
6351
4786
9838
6081
3859
3715
1682
1192
5799
4482
301
9294
756
8391
8683
6061
6235
1067
6786
5252
5772
4749
8734
7516
8713
7114
5519
4565
2983
3487
9150
8812
9378
2195
5705
7718
4602
1477
9849
1498
577
3842
3545
4674
5920
5506
799
5078
2246
2411
5632
4085
897
4757
9819
2416
1092
6101
8262
7797
1673
6503
4361
2468
1777
2956
6166
4639
5921
9077
5370
5435
5884
4532
5956
560
9253
7893
4610
7165
4502
5214
5288
7007
1105
4407
4246
62
4367
1770
1151
5116
3408
5992
3764
3233
2894
4246
2639
6610
7282
1496
7036
7144
9362
3496
9606
3100
5715
1863
9999
5179
9737
380
3963
6396
3792
1586
6572
9911
7652
3130
9081
5776
4998
1729
2178
4821
7273
1472
2105
8442
7171
1186
280
2640
7637
8878
2120
7972
5737
7294
4286
2340
6726
6898
4854
9378
3848
5170
7364
4997
9595
4558
3797
4539
765
2270
3888
7690
5707
7457
9743
2582
6206
6365
8070
5193
3078
1038
5956
7151
1422
8172
8681
9250
5809
531
7864
3094
161
4988
745
6534
1627
1872
8764
2996
1076
6199
1248
8004
2068
1251
4055
7052
7920
263
9042
6259
2980
2989
7070
7846
8225
3186
1905
6708
8078
6003
5541
3444
3547
9552
2540
5532
9396
8990
3153
8765
8383
6100
8098
5438
1502
2513
1816
2069
3871
9978
3710
26
6636
481
4487
5248
944
7070
3194
5795
3174
8587
5583
1897
7226
1409
6933
1304
743
7437
2315
1842
2951
4688
3414
249
3952
3656
7302
549
8213
5966
6196
3639
7556
1105
4108
6856
9886
1562
3690
4903
3349
6641
926
6056
1974
627
6472
8345
5124
3111
1671
1225
6469
7684
6431
3819
6491
4646
3979
9888
2324
5257
8842
8791
608
7711
923
7274
2827
3166
2241
3661
351
5399
6170
1137
2828
2057
3241
2846
8823
4380
7792
1613
1517
6299
7018
8835
3182
7262
9036
5532
7230
617
5745
7363
3289
8647
7366
8278
1669
4695
5502
7253
1234
1877
778
6260
276
1878
2204
7377
1139
4078
2640
2181
4120
4025
2569
6929
3452
319
4919
478
3157
7285
3675
6047
886
6138
1111
9426
845
6191
3508
2598
9080
2644
8299
209
8983
5349
522
4149
4919
1695
2489
1768
6704
1158
3086
6261
654
590
1002
1068
5785
2023
4845
9929
2267
8056
717
1641
4162
7573
278
5434
5372
3182
3235
3241
5553
4631
6332
296
4076
5109
5616
6601
862
2491
4577
1683
6339
4534
5250
5598
7488
1994
5396
661
7782
3205
4491
6639
7011
7597
7484
7129
2742
7565
6088
95
5193
1093
8985
8001
811
4782
9226
7058
9766
928
4916
2975
5405
691
9155
8676
3521
190
6249
5940
4155
4420
5522
6064
2587
454
6701
2049
9340
1537
8327
7474
3096
7097
9192
4736
5294
5896
9614
8020
9138
2103
3700
8977
7720
4664
8137
5266
1020
4529
2609
5133
94
7698
3866
9140
9810
4706
7774
2237
8844
324
7450
9260
6514
4516
1863
219
4665
5788
560
3643
5584
735
9799
4923
4793
642
5858
5624
498
2374
6527
6140
55
3918
5630
24
643
6187
7352
6403
1054
7190
7385
7875
3094
1704
9780
3402
5354
7934
9054
8515
5377
851
5485
4118
7064
9625
3003
3544
1246
3259
3727
3281
5001
4874
7563
6393
4630
411
565
2061
7164
2049
1367
3501
6738
3681
5394
9952
5782
6034
1991
5188
5342
2332
2379
1143
2232
9049
3313
8363
6643
6246
4760
1722
3806
9144
9444
5277
8386
1552
1728
5442
7198
6573
5138
3643
562
663
1329
8246
8503
4055
4418
5278
7896
808
7099
652
8737
9257
7390
4653
8398
4890
