1787
4049
4657
303
4997
2447
3649
2264
452
784
1890
1531
1075
4857
109
1212
1372
136
3143
252
1136
3969
3185
4451
4676
444
3997
3894
1553
2052
1350
3046
5
3642
648
3762
643
2195
4462
2234
2625
4314
4578
2401
4619
3545
3062
44
3419
3537
4572
4787
4014
3276
2285
1819
245
4625
2472
2581
3156
1452
2444
1682
3094
321
2612
1956
340
2747
3997
1033
3291
323
1946
2564
1432
3592
3409
3846
3368
1211
1084
4494
2035
2644
1356
4372
1802
3846
3693
467
1003
3526
4257
902
497
985
353
1178
2595
4788
944
3431
1183
3126
4050
3669
4681
1220
1501
400
1942
4201
2051
3267
3596
4142
1340
897
1180
4679
4112
4158
4614
621
2472
3131
40
1793
2820
2132
1206
1581
1955
4475
767
4262
4496
2245
424
608
2001
3867
4016
1014
3452
4411
4366
4846
2602
590
249
3443
1160
454
1515
48
3549
1315
1488
4678
4401
1206
4898
1457
275
4927
2177
371
3986
3259
4434
4611
3186
1832
2114
1068
4333
2992
516
3045
3985
1975
323
2142
3792
1175
1862
1781
793
2368
898
2107
1595
3416
2736
554
4760
4188
1062
3419
2020
2546
2190
523
4787
3613
3455
929
4994
3007
3352
4052
2926
2994
3473
3345
1594
1773
4848
4263
3175
4117
1349
2347
2162
208
3143
4236
2717
3951
3191
2388
4221
3433
116
2260
363
2714
1605
3125
84
3119
4983
4830
1529
182
2882
3040
2070
148
1061
1807
2497
296
153
982
1192
553
1707
2584
1866
2098
1826
362
246
1630
3634
3023
2412
2273
4919
3183
2853
3233
4418
3911
2650
3011
1632
1876
4765
3234
1535
1682
4998
216
2114
1505
2137
726
1292
3464
1484
1285
302
1909
4876
2612
2778
1247
828
1615
4908
2938
1454
1252
3528
1755
3682
1362
1748
1097
2851
3066
48
2636
1666
232
2479
4669
1561
1978
4854
4851
2038
2348
2971
2245
2267
3002
1882
4137
1533
2472
1849
192
1366
696
2897
3671
4886
2213
3726
1791
3927
2586
2586
1120
3392
2651
347
3155
4041
1645
3757
4673
4148
152
1006
4238
2534
1561
350
4972
4012
2064
3190
2615
4766
2735
3668
306
4655
3525
1579
4615
2583
731
220
2122
4761
1320
3268
1086
2708
3020
1434
902
4940
19
486
1959
4462
122
2699
135
3613
2014
4309
2385
4700
2619
70
1157
131
602
3368
2982
800
3828
1385
1511
1434
1977
404
2450
2206
4312
4287
1823
2770
4954
4854
3600
931
644
1924
3423
331
4346
2573
3300
3630
3154
687
3732
1375
4455
3254
3296
4002
3827
486
1344
1719
2085
111
2817
3033
554
357
1915
3184
374
1487
15
2691
2018
3695
4488
1784
1005
3781
177
3157
4992
4851
4835
2034
3972
472
2631
4549
1212
1604
1856
1088
1493
880
4098
3068
2884
4760
3021
3321
4127
2068
4099
854
2478
3169
1474
2866
3194
4188
1690
4214
3884
2349
4903
43
4967
4240
1422
1627
3241
1522
4670
2874
722
850
2733
4028
257
1638
3159
1974
3881
4461
2655
1648
1954
1208
4621
1946
3672
830
1821
3282
4363
3259
4020
741
3554
2491
4800
2542
2082
708
1242
4001
1561
3334
1371
2927
3467
2833
397
4467
3010
2852
4827
4902
2056
4505
785
3349
975
3894
4662
1280
1438
4759
4667
1005
4346
889
734
354
627
4887
3607
534
1708
867
1673
19
2361
1009
2563
3439
2102
1207
1684
1962
4185
3323
532
1097
4601
2059
78
1706
3023
4967
4381
4683
1974
438
2621
4961
2815
4696
4576
2179
2134
3224
2308
4356
674
3953
2358
957
112
3853
4552
280
3046
750
1489
1353
308
3925
4645
2858
2076
4633
3408
2565
2155
4342
151
4015
4768
3021
3877
4393
1089
3710
4838
2531
4021
2883
4221
1147
3944
4684
2406
4065
483
2658
2797
1915
4360
3440
2220
1265
251
3104
739
3329
1500
3820
1890
2817
2612
2344
826
409
4756
2183
1331
3893
2234
3514
1162
1258
2105
2297
746
3764
1093
187
4978
3191
4660
4267
3297
977
3166
3096
853
2083
1534
3242
93
1955
4262
1486
3241
1245
2770
4431
4784
1487
4445
493
965
916
3458
1993
3432
1775
3736
1547
2392
195
3774
3142
1053
263
640
2952
3961
4646
748
2929
4482
1678
1895
3792
566
2144
1984
495
2379
2849
3531
1445
4525
3877
1630
1890
4754
4999
2777
2360
2519
1267
3112
2008
1430
1836
382
3063
1805
3018
1833
4163
2306
3974
3919
844
1070
3451
4740
1000
3606
1157
1308
674
3117
3536
4224
4314
1460
624
3438
4410
4740
2230
3140
2432
2305
2120
1197
3995
738
3508
2049
3681
4947
4839
1119
2830
3918
225
821
808
1167
256
1631
2248
3099
2542
4144
1222
3387
1221
2354
2420
2165
3754
4731
4511
4236
4597
11
546
1328
3072
3734
3176
1436
156
3049
726
4277
1282
4202
3516
2391
2941
3702
3858
2691
1280
797
402
3828
3935
4350
4638
19
4486
3106
562
1516
4743
4935
2592
3657
3334
4154
3444
3416
1349
596
3313
1929
1582
1755
2628
4414
4858
1332
3942
2422
3254
3873
244
4275
719
2245
2062
2190
172
327
391
1155
997
445
2760
928
4705
3373
4094
2295
4361
1427
3187
930
1122
714
4327
3109
3756
1786
4858
2136
4114
284
3583
377
4381
2724
4001
3632
1030
2328
1633
4687
3424
1752
3296
2245
1427
1793
2681
1079
3796
2905
4175
4769
346
4256
432
80
981
1528
1300
3451
4328
2184
3153
2964
3936
4967
4516
3636
2673
1392
3665
2766
4718
3249
2488
563
4202
4176
3636
2601
995
4281
4036
2911
2517
1073
4747
1997
3846
4501
1791
449
2305
251
2577
1718
3002
4274
2317
1184
3750
929
2135
1115
124
3954
3700
2967
2791
2929
633
294
3422
1336
375
4418
1474
3292
1966
346
4948
1977
1361
4505
3903
4211
3070
1276
3849
1126
2587
3780
2848
977
1802
4048
991
3258
234
1360
1350
2516
3050
4154
157
1898
4755
2857
2635
3622
4087
4895
3120
2095
1557
3027
2806
3
3500
4109
3893
2270
2549
4565
997
985
3246
1759
4904
2790
759
1121
3616
4051
775
3114
1918
4896
1816
3327
2856
1060
2468
385
4628
1052
4023
4955
2435
1231
83
3885
1306
2228
3131
2695
1425
2011
1105
2042
2677
3630
4585
4488
50
4579
4493
2519
4448
946
2116
632
2483
552
1195
2591
3385
1782
1886
1901
4974
2310
486
537
1393
2360
4144
817
3
4761
4854
1304
1496
2629
1607
4737
4396
4453
2101
622
4607
3294
3165
1943
4349
679
2250
410
3174
4428
1159
368
3245
2169
1752
1546
4554
3755
3776
1694
2641
4643
4336
4719
4404
4463
1523
3557
2146
748
4838
2286
3530
3144
1164
315
150
3086
2867
1521
4523
547
3562
2080
322
879
717
771
164
1892
4179
1329
3239
4288
136
4010
3556
1641
4925
2846
4947
4716
2280
2863
327
710
1630
202
4485
4544
4980
208
146
4132
4909
3055
2363
698
4332
3301
604
3397
4181
1615
4977
2762
2150
3415
1820
4248
593
4448
3612
3639
1749
3991
1544
4434
4273
1788
212
2456
1217
386
4425
4282
4571
2419
136
3761
1666
2107
3277
2919
4051
1396
870
4903
4730
2539
3805
2525
3849
83
290
4014
3097
3295
4194
2741
3520
157
3589
2876
1396
3817
3038
3264
4048
4064
3883
2488
2276
1947
2408
4126
1834
4263
3948
1993
3530
1843
2788
2139
909
1602
2856
352
165
3072
2243
1944
3267
686
3678
2976
995
2983
4738
766
562
2903
2005
825
15
2457
254
2469
1862
1587
775
2264
3734
2657
4653
4132
2396
2810
7
583
2454
930
4415
2779
607
767
360
4523
3678
2208
2627
2421
3543
1411
1080
1908
1909
2484
1433
4023
1110
4302
441
2917
2337
276
3843
4946
1212
4417
4679
4496
381
860
4911
2920
4788
3843
3754
3246
2935
2644
2978
36
999
3496
3589
4537
4763
2897
216
3181
987
2266
731
4786
2757
1752
575
3834
3008
2147
2257
741
4557
632
2797
353
2494
175
355
3359
3588
3030
2337
1556
4997
4554
3497
598
3475
188
4574
4334
4158
506
467
2194
627
4814
940
3423
1462
3865
1410
463
3781
1441
2451
3639
1224
488
4797
4342
2696
1836
4522
344
1312
4183
3402
3319
3521
4120
2416
1306
11
335
4399
636
2407
1964
3523
388
3983
3701
893
3235
4977
2722
2070
4524
3730
3308
2656
3079
3889
4558
4556
3283
2175
287
4687
3805
3591
3634
1139
2263
4106
3429
4099
4145
1775
2015
4485
870
981
569
252
1580
4443
3374
4403
794
4958
1460
2470
1127
3195
886
17
990
1715
691
4779
4586
3048
4838
2454
3417
4002
293
3624
4947
1536
4141
3355
4715
2025
3834
3217
3803
73
4104
4375
1055
3961
3276
3811
2080
3200
2271
291
4299
2694
3667
4725
4635
1316
194
4641
1140
3973
2030
2505
4262
489
2447
3264
1878
3293
860
2318
2423
1268
4778
3700
4196
2533
3172
1022
4499
3020
2916
1389
3055
1998
1668
4430
2671
4094
143
4075
4463
3275
192
2094
4571
2482
2555
2689
1890
2123
2239
2683
2201
3012
1744
4358
574
3763
4250
3413
231
1840
2460
3736
4295
4166
2233
3235
4122
538
4037
2663
1037
2793
337
1692
246
1998
353
3128
647
3075
2320
2309
2139
1469
1307
4491
4325
1592
4684
4893
3596
274
124
1848
3341
3840
503
201
635
2558
2489
1870
3957
405
3210
1966
4297
2
2759
4632
2246
3711
1075
3760
62
1762
3517
1817
398
2258
2438
3244
449
367
1490
2492
2093
2794
3984
1148
1911
382
823
1252
2124
4557
3762
1057
4416
399
3238
4961
1222
4945
3466
4739
1814
1614
4082
3512
2054
4025
2941
2016
357
738
1547
4331
1924
4932
3006
167
4064
2149
2986
1272
3750
1758
2384
17
3846
118
3875
457
1433
415
1628
3558
295
4149
781
1793
2018
245
2775
2860
1531
2332
1613
4592
1334
526
1049
2185
1762
3227
4268
735
1437
1039
3553
1528
2200
7
760
3415
3082
1665
1957
4468
3964
1214
3202
1356
3321
693
1799
3107
641
4257
910
4746
2537
1926
3962
4920
810
131
260
2563
3758
1211
355
3680
4060
988
4999
4721
2775
4841
1652
1155
2520
1146
3791
1515
1459
1242
82
1865
1762
1775
2968
273
4355
135
4371
3612
1217
657
4010
2188
1591
498
1352
3129
117
1318
4238
826
4879
4225
797
2442
4390
1881
1488
3501
1905
2672
4526
2764
2276
658
560
3611
4761
3577
1572
284
3823
1595
1509
1943
1833
2379
1406
532
1718
1369
4485
3577
3408
4843
2774
2216
2868
3051
2320
749
4098
1086
741
3242
3546
2835
2924
298
3026
720
1041
1688
2167
3335
3808
4083
2692
2072
4640
28
1367
2154
400
3559
3647
744
4300
1478
3143
4626
3953
4811
4611
2375
1354
1478
2242
3399
1823
609
711
2694
2246
1046
50
1045
931
4591
3953
1866
4547
2873
2471
3615
2755
2285
4923
3761
3741
3466
3241
3248
4655
3173
4428
3737
4286
4277
1553
4438
1162
450
2674
3950
2984
2430
1501
772
4255
162
4401
4594
756
3980
4656
1848
4273
4406
2097
4684
4785
2628
4182
1166
2365
2964
3793
1294
3516
1331
3897
3584
723
1725
338
1721
593
711
2466
4190
2323
767
1269
1946
4283
4733
2513
618
4298
2740
179
3981
2724
2804
414
3810
1625
3837
487
2627
4731
4744
4012
4835
3249
4137
662
4415
92
1487
4041
1482
4369
2650
1676
3577
444
1383
4599
3270
2091
4251
1801
4112
1934
3753
3518
2106
3941
4738
51
2287
3493
1971
4937
1283
1559
2851
3786
669
514
391
4110
2841
3326
3019
139
1194
76
2732
2820
3232
2375
1462
4720
3411
647
1945
2617
1176
4289
1103
229
1005
1793
1933
1183
2484
536
3369
1305
380
4474
4356
3508
1643
313
2176
2404
1296
2278
1598
2430
441
325
1282
805
2824
2658
2986
3045
3076
1573
3852
3858
340
2724
4338
257
1677
2591
4208
178
4518
3460
4515
3424
3583
4294
110
3851
338
1085
2227
2128
3230
1408
1713
1238
2763
4185
2932
2965
4764
3445
4477
1403
2053
894
1660
838
948
1326
833
1826
1020
3987
1821
3360
1435
140
2053
3716
1822
4558
4969
4950
1381
1044
3141
3423
1592
3305
656
456
4580
2660
3170
4451
3565
1912
2398
732
989
3999
4572
568
3597
3913
2126
4612
94
2629
2063
2175
4386
4563
4116
1677
4885
2490
173
1330
1980
83
2215
2185
2237
1141
3505
727
4320
3092
919
4841
1892
684
1380
53
2187
230
4569
4493
2156
1569
3292
2668
132
4391
4313
2888
4290
3248
3600
4455
2496
3347
2325
1634
4471
1785
875
2979
513
3147
804
4131
191
2146
3574
2482
73
2999
1690
679
2836
1796
2462
3306
2360
2190
766
3934
1711
2514
3705
4170
527
1173
4497
4431
4505
3919
1548
397
1353
3521
1447
2187
3344
3364
1849
4890
181
4944
4741
1734
3083
4073
3131
3045
4925
343
1802
1563
2128
757
1513
4975
3609
3238
4494
3141
453
4196
2911
3168
1580
663
26
1186
963
2498
1461
147
2673
1464
187
174
1810
2686
3195
99
4023
1737
2022
2857
3753
1692
121
29
4645
3928
4664
3903
1936
4229
4067
4694
1285
1709
4298
926
2525
1414
4054
3385
1562
2961
1388
117
1573
2757
4245
4147
4345
2667
3956
3971
1058
1656
3828
1514
1793
3629
149
522
120
2637
4424
619
2913
3811
2544
1137
185
1983
223
4241
4708
983
3056
3654
909
4552
4230
190
222
3538
1953
2098
3176
1631
2934
4376
2929
400
3888
548
3652
69
625
2821
2168
1824
1829
2956
180
317
4501
4428
4744
3013
1968
3486
2130
2603
3520
2144
34
2440
3271
2787
2382
4866
4085
3550
3836
3145
1205
2856
3318
185
2173
3682
3726
170
2072
797
4969
4001
4881
2462
1437
524
1789
4320
3059
903
837
1867
4515
3420
1296
750
4616
2336
2200
2343
2840
722
445
9
971
2655
197
2559
2962
3504
1857
4880
4836
3376
2318
3004
1119
4708
3067
3016
2636
2651
4838
410
3555
2228
235
4480
4244
474
1474
304
1951
164
3638
1784
28
3176
1735
1476
3352
247
4950
1035
3038
4437
546
4039
1669
677
1406
2390
774
3609
930
835
760
2524
1567
1802
4094
2675
3223
85
4509
4085
2637
3362
4257
4607
2299
4529
3925
1761
3136
4552
234
4463
4438
4506
3447
3899
1391
2226
3377
2568
3190
4117
4234
3107
828
4313
111
4677
2805
661
2354
1472
4111
2393
14
3304
2705
394
243
4569
2810
2796
1436
4185
4630
3359
3187
3555
3396
2031
464
1353
113
893
1286
4534
3382
1815
129
540
225
240
507
1165
2833
916
1840
2049
4302
4316
4751
2250
4920
2413
4243
589
4306
4837
3432
4375
402
3784
2256
1723
3508
3216
4460
4291
4197
170
1485
4176
4166
4948
2363
2211
1214
4842
3914
3832
2096
3097
602
4107
4611
3157
3111
2066
3685
3569
1019
170
1927
2130
395
2635
420
194
378
3485
4534
1494
4193
571
4295
348
1526
487
3545
3490
4092
2854
2937
1726
1065
1125
4410
4290
3169
4182
1220
430
3419
3160
3601
1775
4380
1962
604
4782
1132
4159
2130
3703
3986
3382
1203
1857
4905
3918
2440
4351
1319
194
109
1481
1751
2972
1302
2695
558
284
1465
1443
492
3968
3028
2820
4243
4745
1938
4141
1181
987
1578
3416
921
4084
98
50
521
2369
2057
4712
2523
918
2863
578
3175
2908
893
4158
3770
3886
1691
228
3772
2746
3701
3623
2699
3478
4218
2201
4248
1446
610
4200
4392
694
1185
4364
3454
4930
3583
4095
4436
3738
667
3731
1796
2136
2647
1288
3633
4455
2575
4657
199
296
1068
3624
2632
211
2010
2070
3068
285
2045
146
4978
4899
900
1219
1589
1304
3619
2573
3452
4904
1573
1359
1519
2222
1272
822
4999
3420
4794
82
3722
4480
2229
4433
2067
428
3654
4556
4679
4967
1249
1731
3213
114
4574
3112
4372
2251
4956
1719
212
3796
4699
4661
786
3147
1085
1162
284
2979
4319
4617
4504
3720
4111
2767
3565
2932
3025
544
1579
2551
3085
921
2037
1443
1093
1253
2868
4394
3565
799
4910
2559
2238
4956
3716
4843
482
4322
141
487
741
3627
1228
2942
680
4800
3697
3448
1371
544
1196
4741
333
3379
3596
4926
4099
1136
1368
445
1957
1435
636
1720
2717
2929
826
2721
4789
116
209
3885
3094
2491
2904
2422
126
3293
26
1070
656
4064
2681
1527
3277
3779
4382
561
1607
4030
3230
2648
4888
978
680
4760
3083
1643
2153
3773
3010
342
4337
4836
4438
2250
4581
367
990
4977
3806
3820
2654
1596
1114
3263
2853
3333
3134
1674
2873
1726
2847
1744
3292
2996
4108
3902
3736
1106
3448
993
4791
4556
2974
30
293
2267
2398
1901
3958
1904
3127
907
1345
4029
1998
505
3320
3009
3720
1315
2127
3284
262
1139
2468
3644
1046
4884
2565
854
608
2079
2176
965
774
2759
4466
3330
4855
4274
1664
2589
2951
2296
1857
3558
2415
402
2825
3488
3428
1394
2206
4103
1092
2133
4513
905
3496
4626
2732
3361
4937
3218
3166
2156
3378
4503
186
648
3900
2190
2760
822
3855
1023
177
2797
3506
4206
2647
963
4209
1760
193
295
57
2512
1858
4623
4986
1303
101
3042
837
2677
1
1420
3841
551
1144
2214
4187
18
3776
180
73
2618
2495
2883
4802
1788
4633
1945
2367
2228
3991
4144
797
2036
516
795
4359
1430
1497
1052
1477
4992
398
590
2531
2514
249
1420
3500
3485
736
2762
1973
1805
1333
3251
2257
200
3938
4611
2967
209
2295
2398
4246
4235
98
3288
2528
4253
4329
1620
4808
577
4038
3585
2245
3154
3888
905
3397
3307
4501
4994
2200
102
2619
4974
2719
3780
982
619
3302
4798
2482
385
2365
1117
997
10
1392
4561
1357
1447
1369
193
4766
4029
1018
4598
1831
1436
345
3002
4768
3976
4183
1926
4571
3096
747
844
3039
4800
3160
237
4878
942
1346
2797
3553
4269
4104
3948
3348
1782
3726
2694
4752
4825
3792
2899
1080
1635
414
613
4132
4535
3889
2904
550
4943
4121
465
2699
1354
2224
1672
525
3693
1772
343
1453
1723
1660
1691
3309
3589
2620
2452
4956
635
2342
396
2493
2203
819
321
989
1059
4819
1342
541
1019
466
3182
4860
2460
4247
3059
2562
2213
1801
2429
3328
3856
3263
2874
1553
4608
355
3625
3010
1934
415
1114
4031
1830
4672
288
988
4223
4797
3432
420
4434
1845
3252
3470
478
3968
3898
4359
4168
1394
3637
4849
4645
3779
4523
4554
3513
2852
2961
2607
144
3007
4863
613
4606
1802
3974
3517
17
3864
4216
823
2602
2628
4780
591
1889
1744
3585
1797
1428
562
1683
4633
1829
3190
455
3359
3064
4764
4745
2235
1530
2861
2634
931
897
2443
769
3779
4761
3718
32
1967
4155
3170
3281
3103
1027
2749
4662
2556
4915
3503
3927
2012
4784
2918
4773
2655
1432
118
639
3171
2121
2738
1335
1803
898
2684
3488
672
1176
2111
2120
4043
4301
3177
803
1909
2332
4712
2035
3491
3945
4468
2746
4077
2771
4239
20
1005
4374
4130
4646
3389
4490
1264
3892
995
3071
999
428
4710
554
4133
4380
3363
3352
2000
4855
942
3502
1021
1088
86
4800
3982
1885
2738
1155
4793
4499
722
4229
146
1757
1911
2489
2664
1719
1349
3316
4358
1290
4973
2027
2830
3375
3046
2794
1078
2340
1846
1631
4256
4998
1300
1357
1589
1952
4336
3597
484
2405
3546
2800
2667
2148
3926
3341
1161
2272
3109
51
494
2938
1539
3537
4435
2931
2490
2524
2080
4321
103
1848
2154
4313
1410
3443
2958
1584
1295
279
1252
2986
1831
1248
1644
860
3642
720
1616
1232
4913
3789
2246
2341
2009
923
1490
764
970
4759
365
4363
4819
1419
3223
36
2080
2274
3498
4942
4477
3942
2126
887
3368
508
3973
3393
371
1637
1989
953
46
486
4320
4904
2243
890
1520
140
2446
2161
2031
2865
98
1002
1993
190
2291
825
3965
495
660
1400
343
1392
1045
2227
124
4642
2529
2094
2193
2103
3766
1948
333
4139
200
2882
1375
2242
3106
718
4216
4124
2451
2374
3084
1693
3455
3880
2750
4979
347
4431
1323
1104
890
1468
2713
2318
4711
1535
267
1437
2537
3860
2948
2972
1510
3697
3234
1131
3290
2134
4260
2054
4366
3904
1672
4026
628
3900
3914
1134
4430
2972
3356
1786
3284
4894
3959
4250
4990
4768
3487
3789
2503
1388
2686
141
2651
2830
1404
3982
10
4214
1838
4253
929
3584
1097
348
4629
1043
4511
3749
1271
646
4126
4049
510
498
1101
2772
3656
2992
4817
988
620
1112
1466
3053
4846
4187
2016
4262
3484
715
331
181
676
3020
4096
2108
1775
2374
4625
4046
2029
1493
4459
399
1874
4998
1352
988
1271
833
508
3119
4672
2105
4157
2141
1632
2881
4521
4653
4942
4836
1408
3605
1757
642
3385
2583
3109
1872
3843
3657
598
2826
1554
4561
4813
3811
2129
744
4035
137
81
4455
2286
478
2410
1447
4826
886
540
2018
1122
4131
1102
3373
3041
3612
1980
1345
1686
2385
3809
3528
214
4891
2262
575
3882
4179
4616
1922
0
4675
1858
3797
4240
2547
2827
1860
598
4466
3766
2814
328
1849
3967
4987
2999
523
3671
1083
3791
2414
2584
3976
910
2111
3088
2267
2502
3498
802
1024
400
4872
2655
4054
4339
3809
4705
4453
3713
3758
3597
4670
828
4676
4329
1185
2640
102
2306
1653
2636
3530
2273
3753
2529
3729
4465
2667
2337
647
1953
3028
1561
2842
3017
3701
3538
4673
4801
2391
3139
1506
1456
2148
99
1434
1522
4640
1800
4334
4056
4239
281
1274
4857
3100
2987
3356
1399
939
2754
436
2117
4701
493
532
1921
1779
2930
4726
4982
3984
3522
2199
2546
2601
2327
3650
4566
2620
2604
3453
226
3269
4267
3548
844
189
3706
2478
3527
1355
1304
737
2095
187
4322
2707
3834
3628
3779
3148
2517
3697
2302
266
4101
3862
1820
2143
4306
2817
2846
450
161
3224
135
4539
3196
1555
4330
1692
160
1243
3540
277
3339
692
1180
1578
2773
376
890
4417
2154
4476
2442
1631
4283
3724
1972
2224
2494
2779
2658
97
2249
2447
2323
4644
4178
2800
4333
2777
632
3833
2445
4277
3886
3433
74
4250
1171
375
848
716
2714
1087
367
4666
219
2426
284
2966
4442
3244
2465
3320
1214
363
4148
53
3262
4407
3875
3640
2333
2758
4734
2147
4000
2424
4145
2526
3599
3303
39
562
2246
4617
4102
4213
3135
4040
243
1177
4168
3150
888
1698
267
2628
1248
3283
3561
1195
557
3035
3146
1571
2076
1188
4289
2584
391
3959
3930
4586
3604
2081
308
120
132
4210
3100
4786
4920
4139
4976
4394
1476
868
1107
1903
2280
2473
3266
2898
4277
574
3022
2823
220
767
1058
2002
3530
1262
4577
2471
3662
3266
881
1604
4176
1707
1612
2515
1194
1776
899
466
1256
3763
3618
1370
4232
1590
3683
1983
4530
2222
1050
4579
1645
772
1122
4670
1174
3233
4313
4093
889
4852
4576
77
4782
4319
2199
3925
299
1588
510
2869
175
4378
2254
3095
4455
173
844
1703
4200
2971
4221
2748
4817
884
1893
2299
984
2117
2934
840
646
4915
2253
2003
1018
3343
2681
16
291
130
4818
1226
4316
88
4959
4648
1751
4235
4314
4958
4438
238
2937
3017
4209
3078
260
4963
1729
1659
2710
1690
2222
3264
2165
689
2788
576
1607
1793
3262
4452
3146
487
1596
82
3941
1065
1918
332
3829
3171
1234
3765
403
4697
1973
4082
974
3210
4419
568
1445
1360
4670
2691
183
1646
1432
1106
205
4491
2389
3479
4394
2503
3769
3340
4564
1649
2411
1646
668
3975
2572
1891
3700
996
1244
1010
4643
1677
3686
2461
4816
3266
3903
3995
2302
1835
1166
4253
1575
188
2116
76
4420
2410
4884
4251
4690
1722
4332
2121
1538
2294
3919
116
1957
460
2887
630
2504
4242
4443
3736
4212
4976
3422
3849
4394
4616
3452
4624
1697
4835
2399
3613
2844
2309
2864
2607
2347
780
2812
1064
3111
4634
2290
4869
430
4437
3598
2403
1771
2117
2203
257
169
2630
2480
2485
1246
620
452
2042
1088
1387
4082
3532
2989
900
4589
4617
4989
2734
1356
1482
1151
3093
3452
4978
4252
4847
1183
1158
2793
3224
4844
2085
4358
4977
4038
144
2847
2881
2480
525
900
3911
3990
222
693
2820
350
3439
3289
230
41
2958
649
177
358
3345
2860
2379
3515
1373
3181
2627
2872
2823
226
3939
4761
1248
2087
391
3528
3745
1255
1175
1564
1456
3938
270
3424
2653
3747
3559
615
292
2340
66
4008
1276
2001
93
4965
992
544
4367
2737
3816
3181
4202
1988
2322
2737
1945
2163
3907
2030
725
4943
412
2511
3117
3643
934
58
4124
4308
3135
749
1197
1461
13
243
2804
1316
1951
795
278
217
3807
3921
153
820
1474
2976
562
2950
844
3827
4407
301
1461
546
1569
1244
800
1191
3906
1560
2609
3537
2193
3525
724
2591
2602
1536
1580
1823
1866
4261
2617
4121
1257
970
1465
170
3207
1181
479
2621
1490
2832
1377
4557
4554
1971
4634
459
3975
2811
2948
4650
1045
217
1057
2062
4482
4270
1714
2968
436
3479
2120
3180
998
2126
427
1618
3950
3589
1354
1888
630
3762
112
4555
1049
960
3570
3216
2006
4012
1518
4534
3381
2520
4088
1909
412
906
297
3826
700
4893
4864
1380
4836
4126
4602
2306
234
219
2690
1172
1701
3219
3715
848
3942
818
3100
3222
3657
464
2060
724
1007
2750
3713
487
4983
1585
2552
3993
469
4417
2361
3396
4135
2574
4594
597
4250
358
506
2307
1272
680
3180
2764
3814
4962
1364
3639
3869
124
3930
4150
3420
813
4155
1488
3260
4578
2076
156
4701
3627
1220
1191
1580
1078
1001
2056
1643
3374
1288
3897
1811
4039
2752
3091
1030
3937
3737
4218
426
2156
1954
2283
2353
3428
2705
4763
2057
2626
2980
2260
3997
3288
4801
3056
3681
50
1318
4277
790
1320
3995
492
4580
1098
4724
4623
3025
4423
1299
1120
2479
2771
4420
349
1721
3430
2025
1823
4522
2699
545
1989
3105
2754
2384
4724
4196
1244
3848
425
641
1521
4323
4616
1453
3034
1285
2453
4231
3632
1264
961
812
2300
1758
4341
2465
757
3334
1345
3602
100
27
2111
1776
1024
1326
3526
4128
4458
1271
2666
3434
3854
131
4327
4483
1590
820
146
1180
4416
461
2479
1097
4152
1445
3161
2852
2308
2946
751
133
7
2793
1123
1889
4836
2179
1570
1139
1248
955
1744
4564
1175
516
1792
1934
2736
4632
1980
1953
2725
2213
1992
2706
2981
2679
1100
3745
4914
1562
4321
458
1599
133
4139
478
1974
3955
628
4003
1291
966
2100
4480
4138
3247
2146
2818
2205
3756
2914
3784
2921
4746
1151
4851
2061
3108
16
353
4983
1077
320
1802
323
4448
4780
527
2680
2745
1295
1400
2010
290
247
4170
4911
3404
2978
3141
3970
2150
2924
2346
4025
1336
2055
3731
1759
496
4410
466
2116
3623
2892
4678
287
2770
3333
3698
1436
1678
3416
3064
590
3494
1806
2192
2849
2878
898
3126
296
4274
2391
1487
3089
2465
4876
1233
3149
4675
1596
1657
3206
39
3093
3444
2119
1662
3635
3607
2143
4992
3487
2862
1043
1491
1323
945
4506
4315
3224
4897
184
4815
356
2940
2039
3317
3044
4951
2941
3546
1044
2364
791
573
2145
4409
870
4789
764
971
2056
36
697
1807
3150
1180
499
2459
2798
4186
2558
118
2981
3926
4758
1343
4847
4341
4661
3349
3903
4576
606
4803
604
1504
1508
3290
3822
2275
223
2225
202
454
396
1432
3148
4860
1841
4987
987
986
1715
1087
4475
3520
4415
1143
4049
878
121
3371
3149
1985
4734
4218
3625
2799
2654
1503
309
68
3138
2005
4287
2348
2261
3107
587
3298
2499
2634
2222
2737
3983
4820
4278
335
3133
3842
1266
967
913
4726
2262
4129
3405
4583
3594
2
3601
1555
960
441
3722
4860
3893
4248
1595
3339
3193
594
1043
683
4288
1710
4165
852
2959
1999
3153
4296
370
2073
4178
2632
4542
3700
2283
682
2038
27
2977
4190
3588
1901
3341
4838
2269
3490
3243
632
1433
864
446
2096
2002
1237
4900
716
4185
4676
4176
2946
199
1936
910
2695
4259
3033
1574
1773
4515
3081
3221
4512
2749
4080
1549
1595
4603
1424
3247
2673
4994
1290
4522
3368
3704
2208
3672
10
2052
2633
2469
2105
1824
2783
2540
2032
3735
1684
2011
754
4794
2864
2450
1579
2535
1248
2168
2237
73
2651
4423
666
911
802
4754
4199
4899
2645
4702
1109
649
2427
3853
97
4189
1969
3111
273
2870
563
4529
2630
626
94
4506
2608
2308
1632
3707
2521
1762
935
1507
489
3478
454
33
1260
1551
2499
2440
109
1548
3451
830
4617
4103
59
1437
1273
898
4589
2555
728
4120
700
3543
2155
1978
2403
1052
268
1183
1063
3717
1443
582
4392
4242
4085
4691
2495
